# AcquisitionDate	AcquisitionTime	PercentUniformityIntegral	GhostingRatio	GhostingRatioSlice5	GhostingRatioSlice5STD	SlicePositionAccuracySlice1	SlicePositionAccuracySlice11	DiameterXSlice1	DiameterXSlice5	DiameterYSlice1	DiameterYSlice5	DiameterDiag1Slice1	DiameterDiag1Slice5	DiameterDiag2Slice1	DiameterDiag2Slice5	SliceThickness	UL1Score	LR1Score	UL2Score	LR2Score	UL3Score	LR3Score	SNR
2014-11-20	10:26:26.0000000	89.3608668911599	0.000235789365309432	0.000570408525996352	2.81035571463307	1.954	-0.977	18.9538	19.0515	19.0515	19.1492	18.9291071110076	18.9291071110076	18.9291071110076	18.9291071110076	5.32061651376147	4	4	4	4	1	1	414.175989530426
2014-12-03	15:53:13.0000000	90.2448808320112	0.000706686126043488	0.000653805069612447	2.68623663069709	0.976999999999997	-2.931	18.9538	18.9538	19.1492	19.0515	18.9291071110076	19.0672757760515	19.0672757760515	18.9291071110076	5.0804	4	4	4	3	1	1	409.616452338391
2014-12-09	17:33:45.0000000	90.5832133596616	0.00175890388034245	0.000222800744352873	1.19789851361382	-0.976999999999997	-3.908	18.8561	18.9538	19.1492	19.1492	18.9291071110076	18.9291071110076	19.0672757760515	19.0672757760515	5.02728155339806	4	4	4	4	1	1	412.325753301582
2014-12-10	14:45:57.0000000	89.3476470365387	0.0103012722604061	0.0126828545984554	20.605765675129	-0.977	-2.931	18.9538	18.9538	19.0515	19.0515	18.9291071110076	18.9291071110076	18.9291071110076	18.9291071110076	4.98078431372549	4	4	4	2	1	1	182.775403619301
2014-12-10	15:58:24.0000000	90.11803138955	0.000801180083107022	0.000126505250673977	0.235890701159665	-0.977	-2.931	18.9538	18.9538	19.1492	19.1492	19.0672757760515	18.9291071110076	19.0672757760515	19.0672757760515	5.12878476190476	4	4	4	3	1	1	253.140914067194
2014-12-10	15:29:45.0000000	90.29309752647	0.000832652686132381	0.00125848485073217	4.71106900886281	0.977	-0.977	18.8561	18.9538	19.1492	19.1492	18.9291071110076	18.9291071110076	19.0672757760515	18.9291071110076	5.21553644859813	4	4	4	3	2	1	261.64849990676
2014-12-11	08:44:59.0000000	90.2124075444933	0.00129844617463996	0.000795503408742303	2.97540350285442	-1.954	-4.885	18.9538	18.9538	19.1492	19.1492	19.0672757760515	18.9291071110076	18.9291071110076	19.0672757760515	4.885	4	4	4	4	2	1	406.763819098974
2014-12-12	15:10:55.0000000	90.2311375738948	0.00145745825787154	0.002432550303236	7.00518782424688	-1.954	-3.908	18.9538	18.9538	19.1492	19.1492	18.9291071110076	19.0672757760515	19.0672757760515	18.9291071110076	4.867414	4	4	4	3	2	1	384.927695190916
2014-12-15	16:34:06.0000000	90.7541974907642	0.00205714308342253	0.000809559994903828	2.42375591960033	-1.954	-3.908	18.9538	18.9538	19.1492	19.0515	18.9291071110076	19.0672757760515	19.0672757760515	19.0672757760515	4.93336633663366	4	4	4	3	2	2	394.3458275809
2014-12-16	13:48:03.0000000	90.3022970341632	0.000546531304360353	0.00113503440345473	3.09616576254225	-1.954	-3.908	18.9538	18.9538	19.1492	19.1492	18.9291071110076	19.0672757760515	19.0672757760515	19.0672757760515	4.68145833333333	4	4	4	4	1	1	395.108742563506
2014-12-17	14:25:40.0000000	89.6556856201178	0.00117828016424199	0.00127758386593086	4.0396402102463	-1.954	-4.885	18.9538	18.9538	19.0515	19.1492	18.9291071110076	18.9291071110076	19.0672757760515	19.0672757760515	4.78530612244898	4	4	4	3	2	1	388.18576458653
2014-12-18	16:23:38.0000000	91.560092689749	0.0008109768314544	0.00202450050801692	5.75304928102033	-1.954	-3.908	18.9538	19.0515	19.0515	19.0515	18.9291071110076	18.9291071110076	18.9291071110076	18.9291071110076	4.877184	4	4	4	3	1	1	386.183714071103
2015-01-07	17:24:06.0000000	90.291338197051	0.00108040949155839	0.000112085195413286	0.810707347009895	-0.977	-4.885	18.8561	18.9538	19.1492	19.0515	18.9291071110076	18.9291071110076	18.9291071110076	18.9291071110076	4.38781555555556	4	4	4	4	1	2	131.518333667406
2015-01-07	17:52:34.0000000	89.6022364659042	0.0062566754373252	0.00583111628270686	14.4592472560823	0	-2.931	18.9538	18.9538	19.0515	19.1492	18.9291071110076	18.9291071110076	18.9291071110076	18.9291071110076	4.83170909090909	4	4	4	3	1	1	352.214513607152
2015-01-08	18:26:57.0000000	91.2587163389783	0.000841621397356505	6.58702252742478E-06	0.291348545611214	0	-4.885	18.8561	18.9538	19.1492	19.0515	18.9291071110076	18.9291071110076	19.0672757760515	18.9291071110076	4.7339175257732	4	4	4	4	1	2	142.576178494855
2015-01-08	17:56:24.0000000	89.0769265191258	0.000396743836877206	0.000156428643913396	1.44991017297434	1.954	-6.839	18.9538	18.9538	19.0515	19.0515	18.9291071110076	18.9291071110076	18.9291071110076	19.0672757760515	4.52991827956989	4	4	4	4	1	1	141.33619289383
2015-01-08	18:52:04.0000000	93.3868236835344	0.000137305082333849	0.000726706379579182	1.06660396536077	-2.931	-3.908	18.8561	18.9538	19.0515	19.1492	18.9291071110076	18.9291071110076	19.0672757760515	19.0672757760515	4.68145833333333	4	4	4	2	1	1	139.526623527196
2015-01-09	10:21:53.0000000	90.5764102333596	0.00123648517275943	0.000934610463661449	2.60210293284598	-1.954	-2.931	18.9538	18.9538	19.1492	19.1492	18.9291071110076	19.0672757760515	19.0672757760515	18.9291071110076	4.883046	4	4	4	3	2	1	336.691318422666
2015-01-10	11:23:13.0000000	91.2261315783258	0.00321635797868094	0.00171430126556464	5.94256617140866	-1.954	-3.908	18.9538	18.9538	19.0515	19.0515	18.9291071110076	18.9291071110076	18.9291071110076	19.0672757760515	4.883046	4	4	4	4	2	1	341.558507880323
2015-01-10	10:59:42.0000000	89.3678145039044	0.000217200353108685	0.000411067757008973	2.23419142282568	0	-5.862	18.9538	18.9538	19.1492	19.1492	18.9291071110076	18.9291071110076	19.0672757760515	19.0672757760515	4.77932448979592	4	4	4	4	1	2	401.469307946375
2015-01-12	16:29:32.0000000	89.302134324826	0.00073719158791974	0.000997730896225936	2.16863077877855	-0.977	-3.908	18.9538	18.9538	19.1492	19.1492	18.9291071110076	18.9291071110076	19.0672757760515	19.0672757760515	4.883046	4	4	4	4	2	1	338.492635695941
2015-01-12	09:22:25.0000000	90.1964656300948	0.000634563737344482	0.000663137645726456	1.85875441156463	-2.931	-3.908	18.9538	18.9538	19.1492	19.1492	18.9291071110076	19.0672757760515	19.0672757760515	18.9291071110076	4.7873	4	4	4	3	2	1	349.982392323746
2015-01-13	12:21:24.0000000	90.6109381779319	0.00139892548646828	0.000874885321074988	2.03919486814017	0.977	-1.954	18.9538	18.9538	19.1492	19.0515	18.9291071110076	19.0672757760515	19.0672757760515	18.9291071110076	5.27399074074074	4	4	4	2	1	1	398.881549667684
2015-01-13	07:18:44.0000000	91.8848305083994	0.000725721107349656	0.000265799088129846	1.21338009412817	0	-0.977	18.9538	18.9538	19.1492	19.1492	19.0672757760515	18.9291071110076	18.9291071110076	19.0672757760515	5.27399074074074	4	4	4	3	2	1	332.240141497911
2015-01-13	16:34:26.0000000	91.7066230764841	0.000750969029333442	0.00151070031357705	4.22808036442457	0.977	-0.977	18.9538	19.0515	19.1492	19.0515	18.9291071110076	19.0672757760515	19.0672757760515	19.0672757760515	5.41134774774775	4	4	4	2	1	1	399.922199219947
2015-01-13	16:11:53.0000000	90.8428268052633	0.00090633254474483	0.000296290375239858	0.664677290415078	0.977	-0.977	18.8561	18.9538	19.1492	19.1492	18.9291071110076	18.9291071110076	19.0672757760515	19.0672757760515	5.3735	4	4	4	4	2	1	331.045021664207
2015-01-14	18:41:29.0000000	91.515955424046	0.0012385924642542	0.000595524437720743	1.3847897350811	0.977	-1.954	18.9538	18.9538	19.1492	19.0515	19.0672757760515	19.0672757760515	18.9291071110076	18.9291071110076	5.41134774774775	4	4	4	2	1	1	373.783661378067
2015-01-14	18:03:16.0000000	90.3386520416169	0.000927193394468069	0.000574177858745138	1.31919406237176	0.976999999999997	-1.954	18.9538	18.9538	19.0515	19.0515	18.9291071110076	18.9291071110076	18.9291071110076	18.9291071110076	5.27399074074074	4	4	4	2	1	1	369.960113737416
2015-01-15	17:06:16.0000000	91.008285793144	0.00118399807218935	0.00233716258292344	5.25482562373835	0.977	-0.977	18.9538	18.9538	19.1492	19.1492	19.0672757760515	19.0672757760515	18.9291071110076	18.9291071110076	5.31344587155963	4	4	4	3	2	1	403.887255287983
2015-01-15	08:49:21.0000000	91.1748803227538	0.000236813156865936	0.000676536270658543	3.84439427459705	0.977	-0.977	18.9538	18.9538	19.0515	19.0515	18.9291071110076	18.9291071110076	19.0672757760515	19.0672757760515	5.41134774774775	4	4	4	3	1	1	342.149684086561
2015-01-16	08:43:24.0000000	91.6849515855541	0.000837741299178653	0.000704944214083963	1.92252536763515	0.977	-1.954	18.9538	18.9538	19.0515	19.0515	18.9291071110076	18.9291071110076	19.0672757760515	19.0672757760515	5.1781	4	4	4	4	2	1	334.049423733016
2015-01-16	11:32:02.0000000	90.3102796320935	0.000780210245722804	0.000980956247905665	3.2880069282464	0.977	-0.977	18.9538	18.9538	19.1492	19.0515	18.9291071110076	18.9291071110076	19.0672757760515	19.0672757760515	5.32420183486238	4	4	4	2	1	1	411.097558744594
2015-01-16	13:28:16.0000000	89.709827346371	0.00115644420771044	0.000227633465943897	0.904889732568147	0.977	-0.977	18.9538	18.9538	19.1492	19.1492	19.0672757760515	19.0672757760515	18.9291071110076	18.9291071110076	5.46945535714286	4	4	4	3	1	1	410.910540395602
2015-01-16	15:45:21.0000000	90.4769281375325	0.000615723383007997	0.00100070249372529	2.69082558640317	1.954	-0.977	18.9538	18.9538	19.1492	19.0515	18.9291071110076	18.9291071110076	19.0672757760515	19.0672757760515	5.42190990990991	4	4	4	2	1	1	396.918986708495
2015-01-18	12:59:17.0000000	91.4815867543355	0.00421046486247228	0.00719112215856474	23.7895671356118	1.954	-0.977	18.8561	18.9538	19.0515	19.0515	18.9291071110076	18.9291071110076	18.9291071110076	18.9291071110076	5.32061651376147	4	4	4	4	1	2	252.123907424799
2015-01-19	13:16:23.0000000	91.3430688425871	0.000738340096015984	0.000783750680317744	2.58994751679985	0.977	-0.977	18.9538	18.9538	19.1492	19.1492	19.0672757760515	19.0672757760515	18.9291071110076	18.9291071110076	5.46945535714286	4	4	4	2	1	1	393.782006057497
2015-01-19	17:34:38.0000000	91.3063345133836	0.00165465279549372	0.000432289285934541	1.88159904395602	1.954	0	18.9538	18.9538	19.1492	19.1492	18.9291071110076	18.9291071110076	19.0672757760515	19.0672757760515	5.35751272727273	4	4	4	4	2	1	319.949699710583
2015-01-20	17:00:29.0000000	91.2327422733509	0.00232151440367129	0.000700888997487885	2.3979939462551	1.954	0	18.9538	18.9538	19.1492	19.1492	18.9291071110076	18.9291071110076	19.0672757760515	19.0672757760515	5.6666	4	4	4	3	1	1	392.982347250104
2015-01-21	16:57:19.0000000	91.3291425415887	0.00100789442422395	0.0010844490763335	3.19438235482207	1.954	0.977	18.9538	18.9538	19.1492	19.1492	18.9291071110076	19.0672757760515	19.0672757760515	18.9291071110076	5.5161592920354	4	4	4	3	1	1	408.216985181663
2015-01-22	15:53:06.0000000	91.1311209673242	0.000533867110702445	0.00334701080268157	7.85416304552567	1.954	0.977	18.9538	18.9538	19.1492	19.1492	19.0672757760515	19.0672757760515	18.9291071110076	18.9291071110076	5.56204385964912	4	4	4	4	2	2	410.347410934368
2015-01-23	14:55:53.0000000	91.331850062	0.00278976845249715	0.000754029806294341	2.10251898510793	2.931	-0.977	18.9538	18.9538	19.1492	19.1492	19.0672757760515	18.9291071110076	18.9291071110076	19.0672757760515	5.5161592920354	4	4	4	3	1	1	397.931676726583
2015-01-26	16:16:37.0000000	90.2816310416959	0.000633824168140177	0.000433544133729154	0.962290512260726	1.954	-0.977	18.9538	18.9538	19.0515	19.0515	18.9291071110076	18.9291071110076	19.0672757760515	19.0672757760515	5.37172363636363	4	4	4	3	2	1	344.772413902322
2015-01-27	11:50:40.0000000	91.3237011462819	0.000588139857452029	0.000722411885331666	1.89762905727276	0.977	-1.954	18.9538	18.9538	19.1492	19.0515	19.0672757760515	18.9291071110076	19.0672757760515	19.0672757760515	5.32061651376147	4	4	4	3	2	1	398.725319773516
2015-01-28	08:58:13.0000000	90.6637372452143	0.00127317592173581	0.000955853075622162	3.84954003423945	1.954	0	18.9538	18.9538	19.1492	19.0515	18.9291071110076	18.9291071110076	19.0672757760515	19.0672757760515	5.51961769911504	4	4	4	3	1	1	406.480252762562
2015-01-29	08:49:38.0000000	90.4915326955186	0.00143348817547342	0.00199886211213487	5.59008881549591	1.954	-0.977	18.9538	18.9538	19.0515	19.0515	18.9291071110076	18.9291071110076	19.0672757760515	19.0672757760515	5.41838918918919	4	4	4	2	1	1	395.25230766622
2015-01-29	16:50:50.0000000	91.346335428695	0.000617547282074238	0.000940571795991632	2.58191515908367	1.954	0.977	18.9538	19.0515	19.1492	19.1492	18.9291071110076	18.9291071110076	19.0672757760515	19.0672757760515	5.70501196581197	4	4	4	2	2	1	323.026265114272
2015-01-30	09:05:40.0000000	89.5265966169255	0.0010297776782303	0.00037418157644862	1.16976435584044	1.954	-0.977	18.9538	18.9538	19.1492	19.0515	18.9291071110076	18.9291071110076	19.0672757760515	19.0672757760515	5.37172363636363	4	4	4	2	2	1	345.594156416846
2015-02-02	08:55:50.0000000	90.7480847389569	0.00542895570259567	0.00251809600792666	7.2116499260939	0.977	-0.977	18.9538	18.9538	19.1492	19.1492	19.0672757760515	18.9291071110076	18.9291071110076	19.0672757760515	5.41838918918919	4	4	4	2	2	1	413.758678456161