##//** VFA 1,6,14,18
T1-7		582,310607910156	647,603149414063	518,046081542969	18,3625621795654
T1-8		548,363647460938	604,840759277344	498,130859375		16,9240283966064
T1-10		775,908508300781	851,780944824219	711,973571777344	21,7025184631348
T1-11		924,347290039063	1041,83947753906	840,509460449219	27,7336959838867
T1-12		1525,71044921875	1747,49609375		1335,89074707031	52,1387939453125
T1-13		1062,30944824219	1177,95104980469	938,650573730469	34,7060089111328
T1-14		1179,3896484375		1361,47619628906	1047,55041503906	38,8849716186523
T1-15		1305,77478027344	1583,63464355469	1170,81506347656	43,8232116699219
T1-16		1349,0595703125		1577,70336914063	1168,59033203125	48,3088035583496
T1-17		1625,15185546875	1802,93127441406	1450,17602539063	54,8428916931152
T1-18		1821,64514160156	2099,33740234375	1553,53686523438	69,8493804931641

##//** VFA 1,3,5,6,7,9,11,13,14,16,18,20,22,23,25,27,30
T1-7		598,670349121094	652,06787109375		540,618713378906	18,6073246002197
T1-8		570,759887695313	622,048156738281	512,600402832031	17,8759937286377
T1-10		808,615661621094	873,969360351563	737,10400390625		21,7603321075439
T1-11		963,829345703125	1048,47863769531	860,842407226563	27,1162605285645
T1-12		1622,83715820313	1858,82336425781	1388,77734375		62,5724182128906
T1-13		1120,38220214844	1240,33349609375	981,5654296875		38,0785980224609
T1-14		1234,53552246094	1385,94982910156	1096,28588867188	38,485954284668
T1-15 		1374,61328125		1664,96716308594	1207,08666992188	47,5849876403809
T1-16		1422,91198730469	1640,51611328125	1201,2626953125		53,1575050354004
T1-17		1713,93371582031	1914,68469238281	1491,57971191406	62,7917213439941
T1-18		1926,35974121094	2209,29614257813	1612,77844238281	79,3053970336914

##//** VFA all
T1-7		599,141418457031	649,863525390625	538,734497070313	18,1467685699463
T1-8		571,513000488281	621,274597167969	515,237182617188	17,6567497253418
T1-10		808,008483886719	869,056762695313	735,406372070313	21,2017440795898
T1-11		963,343994140625	1047,22668457031	859,1923828125		26,4460182189941
T1-12		1627,84594726563	1884,60974121094	1384,90551757813	64,0216751098633
T1-13		1120,11474609375	1241,61938476563	979,084655761719	37,7575988769531
T1-14		1233,30053710938	1393,283203125		1100,74731445313	38,4156379699707
T1-15		1375,40405273438	1660,32153320313	1207,73095703125	47,7740936279297
T1-16		1422,7265625		1636,85302734375	1197,8837890625		54,0822525024414
T1-17		1717,10229492188	1911,03381347656	1493,31201171875	63,1442680358887
T1-18		1929,01965332031	2219,21142578125	1610,16931152344	79,8456344604492
