0.13964		0		
0.18849     50    
0.54527     50    
0.071491    50    
0.27111     50    
0.43478     50    
0.28455     50    
0.58895     70.711
0.19626     70.711
0.37043     70.711
0.8601      70.711
0.6193      70.711
0.57018     70.711
0.50395     70.711
0.56625     70.711
0.90662     70.711
0.44384     70.711
0.31507     70.711
0.62109     70.711
0.54162     86.603
0.56081     86.603
0.67435     86.603
0.96022     86.603
0.77571     86.603
0.88028     86.603
0.74871     86.603
0.62167     86.603
0.68362     100   
1.5495      100   
0.27506     100   
0.1752      100   
1.4114      100   
0.36143     100   
0.50578     111.8 
0.51688     111.8 
0.70735     111.8 
0.96379     111.8 
1.1014      111.8 
0.30748     111.8 
0.58395     111.8 
1.4166      111.8 
0.96258     111.8 
1.1221      111.8 
0.52278     111.8 
0.66487     111.8 
0.63628     111.8 
0.54297     111.8 
1.2424      111.8 
1.2039      111.8 
1.3928      111.8 
0.36827     111.8 
0.27668     111.8 
1.1598      111.8 
0.85146     111.8 
0.49811     111.8 
0.056721    111.8 
0.68627     111.8 
0.48086     122.47
0.61949     122.47
0.87832     122.47
0.80903     122.47
0.81206     122.47
1.2138      122.47
0.212       122.47
0.62129     122.47
0.75364     122.47
0.60395     122.47
1.249       122.47
1.174       122.47
1.3175      122.47
1.4239      122.47
0.70024     122.47
0.71781     122.47
0.68009     122.47
0.43778     122.47
1.1055      122.47
1.0053      122.47
0.74946     122.47
0.98784     122.47
0.7567      122.47
0.40746     122.47
0.63438     141.42
0.40161     141.42
0.57121     141.42
1.2151      141.42
1.3643      141.42
1.3261      141.42
1.3848      141.42
1.1372      141.42
1.4544      141.42
0.42995     141.42
0.28816     141.42
1.0005      141.42
1.3306      150   
0.64274     150   
0.73998     150   
0.32354     150   
0.33276     150   
1.0764      150   
1.1015      150   
1.0865      150   
1.0086      150   
1.0425      150   
1.3596      150   
1.58        150   
1.3414      150   
1.7993      150   
0.48364     150   
0.34472     150   
1.5661      150   
1.4465      150   
1.4383      150   
1.169       150   
1.4209      150   
1.6565      150   
0.85183     150   
1.0216      150   
0.5373      150   
0.27051     150   
0.82627     150   
0.58466     150   
1.085       150   
1.2862      158.11
1.2447      158.11
1.2727      158.11
1.2182      158.11
1.9697      158.11
0.55704     158.11
0.56395     158.11
1.6919      158.11
1.8398      158.11
0.62627     158.11
0.8052      158.11
0.7972      158.11
0.44926     158.11
1.9934      158.11
0.77318     158.11
0.45924     158.11
1.2559      158.11
1.165       158.11
0.99153     158.11
1.1863      158.11
1.1139      165.83
1.1767      165.83
1.2102      165.83
1.3514      165.83
1.8053      165.83
2.0194      165.83
0.83748     165.83
0.85229     165.83
0.84556     165.83
0.79403     165.83
2.1433      165.83
2.2517      165.83
0.75197     165.83
1.0072      165.83
1.1374      165.83
0.62619     165.83
1.2745      165.83
1.0864      165.83
1.0482      165.83
0.84327     165.83
0.62034     173.21
0.76265     173.21
1.2762      173.21
1.2271      173.21
1.595       173.21
1.6478      173.21
1.0606      173.21
0.56172     173.21
0.86658     180.28
1.229       180.28
1.1886      180.28
0.97489     180.28
1.1985      180.28
0.53292     180.28
0.42213     180.28
1.689       180.28
2.069       180.28
1.1625      180.28
1.1415      180.28
1.4976      180.28
1.0282      180.28
2.5678      180.28
0.45344     180.28
0.43427     180.28
1.2542      180.28
1.0777      180.28
0.54088     180.28
0.99244     180.28
0.3956      187.08
0.78012     187.08
0.9448      187.08
1.1351      187.08
1.2186      187.08
1.0817      187.08
0.87627     187.08
0.71116     187.08
1.3598      187.08
1.3865      187.08
0.50986     187.08
0.26861     187.08
1.0397      187.08
1.0328      187.08
2.4592      187.08
2.7972      187.08
1.5365      187.08
1.8047      187.08
1.4213      187.08
1.306       187.08
2.4929      187.08
2.3358      187.08
1.9326      187.08
1.6801      187.08
2.0202      187.08
1.4583      187.08
2.4488      187.08
2.6761      187.08
1.1607      187.08
1.22        187.08
0.58586     187.08
0.18671     187.08
1.2617      187.08
1.1772      187.08
1.0004      187.08
1.0235      187.08
0.83159     187.08
0.63317     187.08
0.74768     187.08
0.66293     187.08
1.8212      190.39
2.1047      190.39
0.91923     190.39
0.91917     190.39
2.3313      192.03
2.8307      192.03
0.93147     192.03
1.0067      192.03
2.3831      192.03
2.182       192.03
1.6724      192.03
1.5487      192.03
1.5627      195.26
1.8778      195.26
1.4986      195.26
1.6599      195.26
2.8313      196.85
3.3205      196.85
1.4332      196.85
1.6394      196.85
2.113       196.85
2.6409      196.85
2.0668      196.85
2.3664      196.85
2.1078      196.85
1.9555      196.85
1.9833      196.85
1.7768      196.85
2.9263      196.85
2.8851      196.85
2.1705      196.85
2.1196      196.85
2.5485      200   
2.1926      200   
0.49111     200   
0.30923     200   
2.01        200   
2.6892      201.56
2.5873      201.56
2.4497      201.56
2.7923      201.56
2.8742      201.56
3.2236      201.56
2.514       201.56
3.0156      201.56
3.2384      201.56
0.66449     201.56
0.75048     201.56
2.0856      201.56
2.2117      201.56
1.7595      201.56
2.253       201.56
1.0913      201.56
0.93586     201.56
0.4235      201.56
0.61342     201.56
0.52651     201.56
0.56654     201.56
1.6193      201.56
1.1812      201.56
2.3696      201.56
1.5067      201.56
1.4983      201.56
2.9763      201.56
2.5376      201.56
2.8952      201.56
2.2222      201.56
2.2567      201.56
2.3003      201.56
2.0746      201.56
1.9383      201.56
2.5847      203.1 
2.6611      203.1 
2.5566      203.1 
2.6351      203.1 
2.9719      203.1 
3.381       203.1 
2.4566      203.1 
3.1966      203.1 
1.6347      203.1 
1.6292      203.1 
1.0048      203.1 
1.1761      203.1 
0.75059     203.1 
0.98256     203.1 
1.7327      203.1 
1.3421      203.1 
2.2688      203.1 
2.4089      203.1 
2.4983      203.1 
2.3734      203.1 
1.9169      203.1 
1.749       203.1 
1.2741      203.1 
1.4257      203.1 
1.4977      203.1 
1.5705      203.1 
2.5779      203.1 
1.5994      203.1 
2.4056      203.1 
2.5193      203.1 
1.9651      203.1 
1.9673      203.1 
2.7362      204.63
2.9968      204.63
1.0023      204.63
1.7052      204.63
3.1814      204.63
2.9475      204.63
2.1204      204.63
1.9754      204.63
2.7362      206.16
2.639       206.16
2.6363      206.16
2.5178      206.16
0.63625     206.16
1.6958      206.16
1.3928      206.16
1.3367      206.16
1.6947      206.16
1.9057      206.16
0.9894      206.16
1.3722      206.16
1.5342      206.16
1.1937      206.16
3.8465      206.16
1.1991      206.16
1.602       206.16
1.9818      206.16
2.2599      206.16
0.70377     206.16
0.57939     206.16
0.72588     206.16
0.47113     206.16
3.3328      206.16
2.0832      206.16
1.9852      206.16
2.7991      206.16
2.9485      206.16
1.6447      206.16
2.023       206.16
1.1565      206.16
0.76884     206.16
1.7429      206.16
2.2751      206.16
0.67947     206.16
0.42638     206.16
2.5469      206.16
2.4416      206.16
2.1013      206.16
2.2597      206.16
2.599       207.67
2.7669      207.67
2.9795      207.67
2.8633      207.67
2.902       207.67
2.7449      207.67
2.4567      207.67
2.6165      207.67
3.8579      207.67
4.2567      207.67
3.4796      207.67
3.8896      207.67
2.3005      207.67
2.5604      207.67
1.2875      207.67
1.6225      207.67
1.2135      207.67
1.6179      207.67
1.822       207.67
1.6433      207.67
2.8828      207.67
3.3582      207.67
1.2339      207.67
1.2107      207.67
0.87612     207.67
0.95982     207.67
2.4056      207.67
2.3478      207.67
1.7901      207.67
1.8057      207.67
1.7648      207.67
1.5997      207.67
3.2324      207.67
3.4326      207.67
3.3286      207.67
2.9307      207.67
2.7637      207.67
2.1157      207.67
1.9015      207.67
2.1706      207.67
2.0267      207.67
1.9658      207.67
2.6636      207.67
2.0038      207.67
2.5075      207.67
2.4999      207.67
2.5015      207.67
2.283       207.67
2.3208      207.67
2.1274      207.67
2.1553      207.67
2.0618      207.67
2.6491      209.17
2.8926      209.17
2.3849      209.17
2.7709      209.17
3.1765      209.17
2.942       209.17
2.6692      209.17
2.3205      209.17
2.7826      212.13
2.8827      212.13
2.6061      212.13
2.7309      212.13
1.6194      212.13
1.4421      212.13
1.9946      212.13
3.983       212.13
4.5636      212.13
2.0533      212.13
1.7053      212.13
1.1139      212.13
1.4008      212.13
1.7092      212.13
1.9423      212.13
3.8079      212.13
3.4632      212.13
2.5133      212.13
2.6136      212.13
2.3941      212.13
2.1789      212.13
3.2599      212.13
0.91196     212.13
1.4506      212.13
2.3967      212.13
2.2803      212.13
2.8525      212.13
2.1835      212.13
2.5702      213.6 
2.8346      213.6 
2.9658      213.6 
2.5905      213.6 
3.8648      213.6 
0.85263     213.6 
1.631       213.6 
2.5248      213.6 
3.1381      213.6 
2.149       213.6 
2.5492      213.6 
1.0572      213.6 
0.93377     213.6 
1.0035      213.6 
0.77353     213.6 
2.4821      213.6 
2.3029      213.6 
3.5023      213.6 
1.8361      213.6 
1.72        213.6 
2.6329      213.6 
2.6132      213.6 
2.3048      213.6 
2.0457      213.6 
2.8267      215.06
2.7076      215.06
3.0305      215.06
3.058       215.06
2.7899      215.06
2.9172      215.06
2.4163      215.06
2.4313      215.06
2.2012      215.06
2.6719      215.06
0.79449     215.06
1.5118      215.06
3.7177      215.06
3.9032      215.06
3.062       215.06
3.836       215.06
2.2031      215.06
2.368       215.06
1.2703      215.06
2.1778      215.06
0.66367     215.06
1.6084      215.06
1.4341      215.06
1.6329      215.06
3.0201      215.06
3.8673      215.06
1.4918      215.06
1.5037      215.06
0.81376     215.06
0.83385     215.06
1.8466      215.06
2.15        215.06
1.7336      215.06
1.6569      215.06
2.6452      215.06
2.2464      215.06
1.9701      215.06
2.5865      215.06
2.0456      215.06
1.8267      215.06
3.4539      215.06
3.5473      215.06
3.5786      215.06
3.3295      215.06
2.8423      215.06
2.2984      215.06
1.6032      215.06
2.203       215.06
1.7164      215.06
1.606       215.06
2.2976      215.06
1.7353      215.06
3.1923      215.06
3.4171      215.06
1.6324      215.06
1.6077      215.06
2.2429      215.06
2.3837      215.06
2.385       215.06
2.0052      215.06
2.6265      215.06
2.0977      215.06
2.4271      215.06
2.2994      215.06
2.8004      216.51
3.742       216.51
2.5564      216.51
2.8405      216.51
2.6403      216.51
2.2459      216.51
2.3013      216.51
2.3627      216.51
1.8576      217.94
2.626       217.94
1.269       217.94
2.6916      217.94
1.6102      217.94
2.4104      217.94
3.7986      217.94
4.0208      217.94
3.9755      217.94
3.3753      217.94
3.2855      217.94
3.8763      217.94
1.7166      217.94
2.1031      217.94
0.65618     217.94
1.1609      217.94
2.9431      219.37
2.7856      219.37
2.8946      219.37
2.9583      219.37
2.3767      219.37
2.6846      219.37
2.3185      219.37
2.5043      219.37
1.8966      219.37
2.578       219.37
1.7479      219.37
2.3328      219.37
2.9141      219.37
3.1295      219.37
2.5915      219.37
2.6824      219.37
2.289       219.37
2.2126      219.37
2.2502      219.37
1.9132      219.37
2.6283      219.37
2.3277      219.37
2.4305      219.37
2.2238      219.37
4.1677      219.37
4.6846      219.37
1.7531      219.37
1.9879      219.37
0.8293      219.37
1.5627      219.37
4.6521      219.37
5.1397      219.37
2.6545      219.37
2.4773      219.37
1.5503      219.37
1.697       219.37
4.4107      219.37
4.108       219.37
3.3833      219.37
3.321       219.37
2.777       219.37
2.4032      219.37
4.0476      219.37
3.6194      219.37
2.5883      219.37
2.2675      219.37
2.1884      219.37
1.8611      219.37
4.3927      220.79
4.8897      220.79
3.9403      220.79
3.9719      220.79
4.634       220.79
3.7642      220.79
3.6954      220.79
3.2689      220.79
3.105       223.61
3.286       223.61
3.0134      223.61
2.2064      223.61
3.383       223.61
0.82583     223.61
1.5018      223.61
2.3882      223.61
2.9211      223.61
1.2557      223.61
0.86602     223.61
1.683       223.61
1.2812      223.61
3.8489      223.61
0.76562     223.61
0.98735     223.61
1.5367      223.61
2.4685      223.61
2.2044      223.61
2.4283      223.61
3.3616      225   
2.6211      225   
0.69285     225   
0.48159     225   
3.4099      225   
3.2209      225   
3.0211      225   
3.4868      225   
2.9147      225   
3.2467      225   
2.9429      225   
2.2203      225   
2.2252      225   
3.4311      225   
3.4751      225   
2.4254      225   
3.4054      225   
1.1839      225   
2.3278      225   
0.60224     225   
2.0835      225   
0.929       225   
1.6993      225   
2.1167      225   
1.7681      225   
3.6214      225   
3.8845      225   
3.3518      225   
4.5012      225   
2.1608      225   
2.5972      225   
1.6671      225   
1.7575      225   
3.0793      225   
2.7209      225   
2.6288      225   
2.5657      225   
2.7991      225   
2.2688      225   
4.1823      225   
3.0789      225   
3.826       225   
3.6595      225   
3.4362      225   
3.5185      225   
2.272       225   
1.8264      225   
0.6889      225   
1.4589      225   
0.56554     225   
0.92045     225   
1.6818      225   
0.98979     225   
1.7683      225   
1.1966      225   
2.4766      225   
1.9514      225   
2.5395      225   
2.2684      225   
2.5027      225   
2.4322      225   
3.4508      226.38
3.07        226.38
3.4606      226.38
3.9971      226.38
3.3618      226.38
2.6099      226.38
2.5449      226.38
2.0854      226.38
3.9286      226.38
1.3681      226.38
2.1449      226.38
3.143       226.38
2.6733      226.38
1.0574      226.38
0.70569     226.38
0.97863     226.38
0.54374     226.38
3.2888      226.38
2.3517      226.38
2.3592      226.38
2.5823      226.38
1.7178      226.38
2.4116      226.38
2.2318      226.38
3.4862      226.38
2.7863      226.38
3.7362      226.38
3.2002      226.38
4.343       226.38
5.0081      226.38
2.1934      226.38
2.6025      226.38
1.2129      226.38
1.7614      226.38
4.6163      226.38
3.8733      226.38
3.2574      226.38
2.9226      226.38
2.3585      226.38
2.0534      226.38
3.5187      227.76
3.7066      227.76
3.3091      227.76
4.1291      227.76
2.5242      227.76
2.3238      227.76
2.1571      227.76
2.1379      227.76
4.1607      227.76
4.7514      227.76
3.667       227.76
3.9672      227.76
3.5869      227.76
4.1352      227.76
1.7594      227.76
1.8881      227.76
1.2587      227.76
1.9249      227.76
3.4463      227.76
3.0455      227.76
2.1436      227.76
2.5066      227.76
2.4644      227.76
2.4479      227.76
4.5882      227.76
4.074       227.76
3.7134      227.76
3.6223      227.76
4.055       227.76
4.7699      227.76
2.0784      227.76
2.4697      227.76
3.6606      227.76
3.8081      227.76
2.2861      227.76
3.8188      227.76
3.5799      229.13
2.7898      229.13
3.696       229.13
2.8482      229.13
2.9485      229.13
2.7147      229.13
2.295       229.13
2.1698      229.13
3.4522      229.13
4.088       229.13
0.6805      229.13
2.3871      229.13
1.065       229.13
1.6892      229.13
5.7207      229.13
6.6316      229.13
3.9931      229.13
3.9095      229.13
2.5253      229.13
2.5315      229.13
5.5517      229.13
4.6185      229.13
4.5522      229.13
3.8319      229.13
3.7466      229.13
3.2115      229.13
3.8426      229.13
4.0782      229.13
1.4682      229.13
1.5006      229.13
0.86886     229.13
1.0115      229.13
2.0907      229.13
1.1054      229.13
2.577       229.13
1.5789      229.13
2.4675      229.13
2.3519      229.13
2.3354      229.13
2.2412      229.13
4.2124      230.49
3.5562      230.49
3.4305      230.49
3.7486      230.49
6.3158      230.49
2.8519      230.49
3.0307      230.49
3.6803      230.49
3.5398      230.49
1.3324      230.49
0.55333     230.49
0.9421      230.49
0.64757     230.49
5.6119      230.49
3.6933      230.49
3.3776      230.49
4.2297      230.49
4.0029      230.49
3.1776      230.49
2.958       230.49
2.6052      230.49
2.5081      230.49
1.9011      230.49
2.1436      230.49
4.4615      231.84
4.4156      231.84
4.3979      231.84
4.1247      231.84
3.9818      231.84
3.6426      231.84
3.7575      231.84
3.7821      231.84
2.5776      231.84
2.2159      231.84
2.1542      231.84
2.3156      231.84
6.2541      231.84
6.6061      231.84
3.2049      231.84
3.0922      231.84
2.5097      231.84
2.9749      231.84
3.8566      231.84
4.6118      231.84
3.5178      231.84
4.3628      231.84
3.2367      231.84
3.9077      231.84
2.0687      231.84
1.2253      231.84
1.7823      231.84
3.6624      231.84
3.0891      231.84
3.4211      231.84
2.9923      231.84
3.2221      231.84
3.4058      231.84
2.4846      231.84
2.9162      231.84
2.7792      231.84
2.6005      231.84
5.8268      231.84
5.9243      231.84
3.4813      231.84
4.0625      231.84
3.8325      231.84
3.6828      231.84
3.7862      231.84
4.579       231.84
3.6998      231.84
3.9972      231.84
4.4283      231.84
4.0135      231.84
4.2221      231.84
3.6186      231.84
3.4692      231.84
2.8015      231.84
2.9915      231.84
2.9841      231.84
3.2785      234.52
4.1265      234.52
2.7655      234.52
3.9321      234.52
2.3544      234.52
3.3214      234.52
2.441       234.52
4.0796      234.52
3.2283      234.52
3.386       234.52
4.1923      234.52
5.1293      234.52
3.2447      234.52
4.0688      234.52
1.4443      234.52
1.8638      234.52
4.6073      235.85
4.6879      235.85
4.3405      235.85
3.917       235.85
3.7228      235.85
4.2512      235.85
2.6832      235.85
4.3303      235.85
2.6109      235.85
4.2265      235.85
2.691       235.85
3.6239      235.85
2.0023      235.85
2.9376      235.85
1.9301      235.85
3.6132      235.85
2.11        235.85
2.1143      235.85
3.7442      235.85
4.7965      235.85
1.1885      235.85
3.3188      235.85
1.4493      235.85
2.5         235.85
5.4478      235.85
6.3457      235.85
3.7418      235.85
3.8661      235.85
2.2955      235.85
2.4579      235.85
6.7164      235.85
7.3995      235.85
6.0492      235.85
6.455       235.85
5.6613      235.85
5.9347      235.85
3.995       235.85
3.5862      235.85
2.8411      235.85
3.0894      235.85
6.6215      235.85
6.3714      235.85
6.362       235.85
5.59        235.85
5.9734      235.85
5.2142      235.85
4.4254      235.85
4.458       235.85
4.0979      235.85
3.6536      235.85
5.884       235.85
4.8943      235.85
4.6195      235.85
3.7847      235.85
3.7095      235.85
2.8079      235.85
3.9168      235.85
4.5191      235.85
1.954       235.85
2.0445      235.85
1.2765      235.85
0.84137     235.85
5.2445      235.85
1.3819      235.85
2.0023      235.85
1.9891      235.85
2.8131      235.85
0.82609     235.85
3.1062      235.85
1.1511      235.85
2.8769      235.85
1.9318      235.85
2.5277      235.85
2.3058      235.85
2.2964      235.85
2.2393      235.85
4.5529      235.85
4.2763      235.85
4.1701      235.85
3.3173      235.85
4.581       237.17
4.7611      237.17
4.5351      237.17
4.2228      237.17
4.0379      237.17
3.5406      237.17
4.7358      237.17
2.5359      237.17
4.4551      237.17
2.4469      237.17
3.6436      237.17
3.6369      237.17
3.2316      237.17
3.1255      237.17
2.4268      237.17
2.4093      237.17
1.893       237.17
2.3951      237.17
2.2473      237.17
2.1879      237.17
2.6189      237.17
2.3462      237.17
3.2239      237.17
4.8087      237.17
2.4556      237.17
4.165       237.17
6.2901      237.17
2.2551      237.17
2.9979      237.17
5.8359      237.17
3.7537      237.17
3.2514      237.17
3.7169      237.17
3.9719      237.17
2.9199      237.17
2.9291      237.17
5.118       237.17
5.5131      237.17
4.6156      237.17
5.4623      237.17
3.0469      237.17
3.2627      237.17
1.9284      237.17
2.3148      237.17
1.3829      237.17
1.932       237.17
1.5179      237.17
1.8007      237.17
2.2683      237.17
1.6502      237.17
3.0992      237.17
1.2848      237.17
2.8512      237.17
1.8564      237.17
4.5088      237.17
4.8345      237.17
3.7785      237.17
3.427       237.17
4.4741      238.48
4.5873      238.48
4.8046      238.48
4.6034      238.48
4.6733      238.48
4.5309      238.48
4.1047      238.48
4.0016      238.48
6.3411      238.48
6.7415      238.48
2.8942      238.48
3.7589      238.48
2.1379      238.48
2.754       238.48
6.2881      238.48
5.9523      238.48
3.7393      238.48
3.9943      238.48
3.5672      238.48
3.1366      238.48
4.5035      238.48
4.701       238.48
4.3234      238.48
3.9827      238.48
4.5295      238.48
3.3704      238.48
4.072       238.48
3.4397      238.48
4.1741      241.09
3.3245      241.09
4.6812      241.09
2.6815      241.09
4.5847      241.09
2.2121      241.09
4.269       241.09
4.3603      241.09
2.2687      241.09
2.6159      241.09
2.5393      241.09
2.4411      241.09
5.3144      241.09
6.0482      241.09
2.3789      241.09
2.5523      241.09
1.2365      241.09
1.5543      241.09
3.0165      241.09
1.4626      241.09
3.4661      241.09
0.90936     241.09
3.0111      241.09
2.0252      241.09
4.5106      242.38
4.7967      242.38
4.784       242.38
5.3062      242.38
4.4126      242.38
4.6367      242.38
4.2991      242.38
4.4747      242.38
3.1376      242.38
5.2272      242.38
2.1914      242.38
4.3837      242.38
4.4653      242.38
5.0853      242.38
3.5233      242.38
4.6787      242.38
6.7667      242.38
7.4327      242.38
6.0905      242.38
6.2933      242.38
5.516       242.38
5.613       242.38
3.723       242.38
3.7417      242.38
2.2506      242.38
2.7282      242.38
6.927       242.38
6.4078      242.38
7.1233      242.38
6.1625      242.38
6.5456      242.38
5.6742      242.38
4.5154      242.38
4.3534      242.38
4.062       242.38
3.2454      242.38
5.5413      242.38
6.6299      242.38
3.1197      242.38
3.9697      242.38
3.4249      242.38
4.9263      242.38
2.0308      242.38
2.8865      242.38
4.2842      242.38
4.3109      242.38
4.1724      242.38
4.3289      242.38
4.8325      242.38
3.944       242.38
4.6499      242.38
4.0815      242.38
4.6668      244.95
2.5959      244.95
4.2797      244.95
1.4844      244.95
4.3927      244.95
6.0925      244.95
1.9595      244.95
5.1482      244.95
1.8451      244.95
3.4609      244.95
4.6916      244.95
5.0569      244.95
2.7779      244.95
2.4688      244.95
2.2654      244.95
1.7558      244.95
3.4381      244.95
0.89902     244.95
2.5877      244.95
2.1354      244.95
5.2528      246.22
4.6279      246.22
5.2175      246.22
4.3967      246.22
6.0034      246.22
0.73721     246.22
4.2068      246.22
5.7752      246.22
1.4049      246.22
2.1406      246.22
3.3284      246.22
4.3824      246.22
4.4079      246.22
4.5046      246.22
4.3454      246.22
5.141       246.22
3.9923      246.22
4.8045      246.22
3.7634      246.22
4.4761      246.22
4.781       246.22
5.5021      246.22
5.1081      246.22
6.3395      246.22
5.066       246.22
5.7049      246.22
5.471       247.49
5.2537      247.49
5.0961      247.49
5.0214      247.49
4.684       247.49
5.1083      247.49
4.3295      247.49
4.4316      247.49
5.9958      247.49
6.5433      247.49
1.2339      247.49
4.941       247.49
0.96353     247.49
4.2012      247.49
5.7588      247.49
5.9239      247.49
1.07        247.49
3.1736      247.49
1.3096      247.49
2.0936      247.49
3.5698      247.49
3.5145      247.49
4.0648      247.49
3.8528      247.49
4.5557      247.49
4.2038      247.49
4.5973      247.49
4.4569      247.49
4.185       247.49
3.0984      247.49
5.0186      247.49
2.4324      247.49
5.2686      247.49
1.4992      247.49
6.0422      247.49
2.5081      247.49
4.3427      247.49
5.643       247.49
5.8842      247.49
3.1815      247.49
3.7744      247.49
3.1638      247.49
3.1615      247.49
6.2447      247.49
7.0955      247.49
3.0086      247.49
3.073       247.49
1.6097      247.49
2.1739      247.49
6.4625      247.49
1.7348      247.49
2.8477      247.49
3.7103      247.49
1.6404      247.49
3.8781      247.49
0.78232     247.49
3.2326      247.49
2.1266      247.49
5.4187      248.75
4.8288      248.75
3.9527      248.75
4.4823      248.75
3.4669      248.75
6.4765      248.75
4.7191      248.75
5.5299      248.75
3.4627      248.75
4.5378      248.75
5.7727      248.75
6.9274      248.75
4.812       248.75
4.6331      248.75
3.7085      248.75
5.2358      248.75
4.1776      248.75
3.8829      248.75
4.7238      248.75
4.382       248.75
6.2077      248.75
6.9855      248.75
1.9311      248.75
4.6619      248.75
2.4917      248.75
4.5202      248.75
6.0343      248.75
7.129       248.75
2.5108      248.75
3.3311      248.75
1.7847      248.75
2.7535      248.75
3.3055      250   
5.5151      250   
2.1175      250   
5.1267      250   
3.7126      250   
4.6994      250   
7.5037      250   
3.0705      250   
4.0665      250   
2.3424      250   
3.5745      250   
0.88844     250   
6.4862      251.25
5.7919      251.25
5.6259      251.25
5.2458      251.25
4.4569      251.25
5.1827      251.25
4.1252      251.25
4.2941      251.25
3.9816      251.25
3.2082      251.25
4.1858      251.25
3.9         251.25
4.2869      251.25
4.5252      251.25
4.5246      251.25
4.4283      251.25
3.3754      251.25
2.7793      251.25
5.4837      251.25
2.0457      251.25
5.8809      251.25
1.9223      251.25
5.212       251.25
8.1881      251.25
3.4739      251.25
6.539       251.25
2.6651      251.25
4.3804      251.25
4.8864      251.25
5.1667      251.25
5.012       251.25
5.5768      251.25
4.4541      251.25
5.371       251.25
3.5429      251.25
4.9284      251.25
3.61        251.25
4.5312      251.25
3.9724      251.25
4.6801      251.25
6.3864      251.25
7.1543      251.25
4.1082      251.25
6.9808      251.25
3.467       251.25
6.7883      251.25
1.4918      251.25
5.3841      251.25
0.99958     251.25
4.0272      251.25
5.9838      251.25
6.0253      251.25
4.5116      251.25
4.2418      251.25
4.0086      251.25
3.9108      251.25
2.1421      251.25
2.9317      251.25
1.5367      251.25
1.7525      251.25
7.4364      251.25
7.8231      251.25
5.9836      251.25
7.2549      251.25
4.5474      251.25
7.9032      251.25
3.3616      251.25
4.4574      251.25
2.7542      251.25
3.8586      251.25
2.6433      251.25
3.1254      251.25
4.8804      251.25
6.4662      251.25
3.3768      251.25
4.8942      251.25
1.4951      251.25
2.4099      251.25
2.6917      251.25
2.038       251.25
4.3525      251.25
0.44675     251.25
3.8471      251.25
1.1769      251.25
7.0934      252.49
8.8463      252.49
2.649       252.49
6.05        252.49
2.8251      252.49
5.2321      252.49
6.6704      252.49
8.1659      252.49
2.8285      252.49
4.0403      252.49
1.637       252.49
2.9395      252.49
3.134       254.95
2.4617      254.95
5.2142      254.95
2.4541      254.95
5.8324      254.95
1.8776      254.95
5.3397      254.95
5.2212      254.95
4.4577      254.95
5.4926      254.95
4.352       254.95
5.1229      254.95
7.4402      254.95
8.4646      254.95
4.1507      254.95
4.8843      254.95
3.2604      254.95
3.7887      254.95
2.9002      254.95
2.1899      254.95
4.1483      254.95
0.60378     254.95
3.6011      254.95
1.5972      254.95
3.5903      256.17
2.7623      256.17
4.4232      256.17
2.7276      256.17
5.872       256.17
1.3795      256.17
7.6744      256.17
8.7931      256.17
4.1726      256.17
5.8707      256.17
3.6153      256.17
4.163       256.17
7.4681      256.17
9.3205      256.17
4.3842      256.17
4.049       256.17
2.3283      256.17
2.9772      256.17
3.7431      256.17
2.3261      256.17
3.6015      256.17
1.3326      256.17
3.1493      256.17
2.1137      256.17
8.8759      257.39
8.43        257.39
6.631       257.39
7.8065      257.39
5.945       257.39
6.4318      257.39
4.9958      257.39
4.7316      257.39
4.2194      257.39
4.2869      257.39
4.2065      257.39
10.115      257.39
3.296       257.39
4.907       257.39
8.9489      257.39
2.2197      257.39
3.0446      257.39
5.509       257.39
5.5764      257.39
3.4642      257.39
5.6255      257.39
3.5784      257.39
4.6342      257.39
4.302       257.39
4.4265      257.39
4.6252      257.39
4.4743      257.39
4.4129      257.39
9.665       258.6 
8.9594      258.6 
7.3747      258.6 
5.035       258.6 
6.3874      258.6 
4.8322      258.6 
10.499      258.6 
11.124      258.6 
3.3984      258.6 
5.4867      258.6 
3.446       258.6 
5.0183      258.6 
9.2728      258.6 
9.7981      258.6 
3.0997      258.6 
3.5425      258.6 
2.0394      258.6 
2.9539      258.6 
6.5199      258.6 
5.3692      258.6 
5.3102      258.6 
3.6984      258.6 
4.801       258.6 
4.2279      258.6 
8.6565      258.6 
10.913      258.6 
4.441       258.6 
8.2073      258.6 
3.1458      258.6 
6.3527      258.6 
7.4148      258.6 
9.6413      258.6 
3.4882      258.6 
5.3248      258.6 
2.1235      258.6 
3.5189      258.6 
5.7262      259.81
5.84        259.81
6.6246      259.81
7.7332      259.81
2.7391      261.01
3.8392      261.01
4.4971      261.01
3.1139      261.01
6.622       261.01
1.7023      261.01
6.1223      261.01
5.6388      261.01
5.7477      261.01
6.2964      261.01
4.8711      261.01
5.3637      261.01
7.5071      261.01
9.0886      261.01
5.0846      261.01
5.4856      261.01
3.2826      261.01
3.9789      261.01
2.9397      261.01
3.2723      261.01
3.8373      261.01
1.3606      261.01
4.0365      261.01
1.8378      261.01
11.204      262.2 
9.3342      262.2 
8.6119      262.2 
5.6894      262.2 
6.6975      262.2 
4.6191      262.2 
8.1365      262.2 
11.89       262.2 
6.9478      262.2 
10.696      262.2 
6.1392      262.2 
5.9134      262.2 
5.9587      262.2 
5.8467      262.2 
12.059      262.2 
12.886      262.2 
7.7474      262.2 
10.421      262.2 
6.6121      262.2 
9.5517      262.2 
4.0064      262.2 
6.2943      262.2 
3.9483      262.2 
5.4361      262.2 
10.211      262.2 
11.399      262.2 
7.8259      262.2 
14.999      262.2 
7.1183      262.2 
6.8517      262.2 
3.8992      262.2 
3.9011      262.2 
1.8019      262.2 
2.9056      262.2 
7.1103      262.2 
13.692      262.2 
6.8495      262.2 
7.3538      262.2 
7.1194      262.2 
8.6402      262.2 
6.2582      262.2 
7.5859      262.2 
7.8493      262.2 
5.9312      262.2 
6.2179      262.2 
3.7286      262.2 
4.9608      262.2 
4.3733      262.2 
11.33       265.75
8.1828      265.75
6.8532      265.75
4.4934      265.75
5.2466      265.75
5.567       265.75
3.3129      265.75
13.487      265.75
4.3004      265.75
8.7883      265.75
13.435      265.75
3.7826      265.75
6.1458      265.75
4.526       265.75
3.7605      265.75
1.6038      265.75
8.3041      265.75
4.6255      265.75
4.7921      265.75
4.6732      265.75
5.2813      266.93
6.2827      266.93
2.8579      266.93
5.4809      266.93
4.9668      266.93
3.7041      266.93
6.0442      266.93
3.2565      266.93
13.461      266.93
13.911      266.93
11.187      266.93
8.3674      266.93
7.3562      266.93
11.209      266.93
4.6338      266.93
9.27        266.93
4.3536      266.93
8.639       266.93
4.1289      266.93
8.2464      266.93
13.203      266.93
14.315      266.93
9.5293      266.93
11.699      266.93
6.2231      266.93
6.2229      266.93
4.3487      266.93
6.4617      266.93
3.6493      266.93
5.5539      266.93
3.1288      266.93
4.4603      266.93
4.39        266.93
5.5355      266.93
3.6039      266.93
4.0815      266.93
4.4438      266.93
2.0527      266.93
4.2749      266.93
1.3397      266.93
12.946      268.1 
10.221      268.1 
11.493      268.1 
7.2669      268.1 
8.6674      268.1 
4.1697      268.1 
10.487      268.1 
6.8006      268.1 
8.4035      268.1 
4.1895      268.1 
5.8293      268.1 
4.6431      268.1 
4.0536      269.26
7.6441      269.26
3.3216      269.26
5.5765      269.26
6.2457      269.26
2.8089      269.26
7.4333      269.26
6.8046      269.26
6.447       269.26
6.3627      269.26
5.927       269.26
6.0168      269.26
9.0106      269.26
16.703      269.26
6.7204      269.26
7.3095      269.26
4.3491      269.26
4.8943      269.26
3.3528      269.26
5.6185      269.26
3.0245      269.26
3.7852      269.26
3.4953      269.26
2.2147      269.26
12.653      270.42
10.674      270.42
4.4847      270.42
6.9903      270.42
8.8287      270.42
4.0461      270.42
4.8081      270.42
5.8343      270.42
4.0469      270.42
12.672      270.42
15.697      270.42
6.8971      270.42
11.175      270.42
4.9911      270.42
9.5442      270.42
8.4072      270.42
6.1702      270.42
5.9688      270.42
9.6497      270.42
5.0781      270.42
6.0055      270.42
13.381      270.42
12.494      270.42
5.637       270.42
7.0474      270.42
4.1072      270.42
5.7684      270.42
5.1829      270.42
7.579       270.42
3.4088      270.42
2.7833      270.42
3.666       270.42
2.154       270.42
10.851      270.42
7.4298      270.42
3.5583      270.42
11.096      271.57
14.053      271.57
11.322      271.57
5.3115      271.57
10.806      271.57
4.3494      271.57
8.7334      271.57
8.677       271.57
5.8636      271.57
6.2805      271.57
6.2087      271.57
6.0151      271.57
9.5998      271.57
10.121      271.57
5.6404      271.57
6.2238      271.57
4.8492      271.57
5.8531      271.57
11.814      271.57
10.224      271.57
8.5829      271.57
3.4426      271.57
7.6291      271.57
3.8455      271.57
10.491      275   
15.198      275   
12.488      275   
6.3649      275   
11.442      275   
4.2177      275   
12.303      275   
16.658      275   
10.494      275   
10.148      275   
8.6157      275   
8.1686      275   
7.9554      275   
7.8412      275   
6.989       275   
6.7102      275   
6.5763      275   
6.2881      275   
10.53       275   
11.422      275   
10.129      275   
23.843      275   
9.1874      275   
11.095      275   
6.7014      275   
6.8748      275   
5.1019      275   
6.0253      275   
9.9919      275   
11          275   
12.966      275   
9.7409      275   
9.6375      275   
3.8043      275   
7.9043      275   
4.3911      275   
14.467      276.13
13.147      276.13
13.861      276.13
9.2259      276.13
11.458      276.13
5.5763      276.13
10.086      276.13
13.505      276.13
3.6201      276.13
7.6103      276.13
5.9325      276.13
5.2658      276.13
13.573      276.13
16.925      276.13
9.3448      276.13
14.351      276.13
6.0089      276.13
11.252      276.13
11.032      276.13
12.735      276.13
7.2519      276.13
18.619      276.13
4.5654      276.13
6.4797      276.13
7.3615      276.13
10.812      276.13
2.8507      276.13
4.6129      276.13
3.6139      276.13
2.9018      276.13
12.715      276.13
7.5784      276.13
11.056      276.13
5.9232      276.13
7.2663      276.13
5.2841      276.13
13.442      277.26
18.893      277.26
10.444      277.26
16.259      277.26
9.1328      277.26
17.725      277.26
9.8206      277.26
20.197      277.26
9.1196      279.51
14.991      279.51
6.6252      279.51
12.378      279.51
6.8529      279.51
9.5874      279.51
5.2442      279.51
7.7239      279.51
13.064      280.62
16.515      280.62
14.277      280.62
7.9849      280.62
13.751      280.62
4.3738      280.62
13.32       280.62
9.2724      280.62
11.078      280.62
4.8649      280.62
8.9708      280.62
5.1117      280.62
7.0184      282.84
3.6362      282.84
9.0146      282.84
11.145      282.84
2.8976      282.84
5.6254      282.84
7.6405      283.95
7.3438      283.95
16.119      283.95
21.853      283.95
7.1585      283.95
13.408      283.95
3.2138      283.95
9.5861      283.95
3.972       283.95
9.4056      283.95
4.6717      283.95
7.9954      283.95
13.96       283.95
21.48       283.95
10.082      283.95
17.368      283.95
8.8263      283.95
14.645      283.95
11.215      283.95
14.577      283.95
10.366      283.95
27.626      283.95
6.6935      283.95
7.7506      283.95
11.697      283.95
10.951      283.95
11.8        283.95
4.5239      283.95
5.6105      283.95
8.1217      283.95
3.3569      283.95
6.5076      283.95
2.8145      283.95
5.231       283.95
2.7562      283.95
4.7449      283.95
13.987      285.04
14.187      285.04
3.9947      285.04
11.856      285.04
9.8773      285.04
14.702      285.04
18.235      285.04
8.3878      285.04
10.279      285.04
12.059      285.04
10.344      285.04
2.6285      285.04
15.293      286.14
14.826      286.14
14.203      286.14
9.1445      286.14
14.113      286.14
5.1652      286.14
14.571      286.14
3.1159      286.14
11.294      286.14
10.432      286.14
15.339      286.14
9.5408      286.14
14.242      286.14
14.024      286.14
8.9343      286.14
10.518      286.14
8.041       286.14
9.8451      286.14
12.178      286.14
10.038      286.14
13.162      286.14
7.2577      286.14
11.522      286.14
2.7788      286.14
10.692      286.14
3.0502      286.14
7.4872      287.23
12.637      287.23
5.5984      287.23
12.91       287.23
3.8633      287.23
10.546      287.23
11.249      287.23
4.583       287.23
7.8151      287.23
3.0888      287.23
6.1248      287.23
19.523      288.31
8.6514      288.31
14.181      288.31
8.0282      288.31
16.037      288.31
5.9311      288.31
12.837      288.31
7.6244      288.31
12.245      288.31
5.9211      288.31
10.05       288.31
5.9221      288.31
19.608      289.4 
16.441      289.4 
14.473      289.4 
5.8551      289.4 
15.244      289.4 
3.06        289.4 
11.239      289.4 
16.665      289.4 
16.661      289.4 
9.2356      289.4 
10.945      289.4 
15.335      289.4 
13.465      289.4 
10.669      289.4 
9.4639      289.4 
6.8148      289.4 
11.554      289.4 
8.5501      289.4 
9.6449      289.4 
11.821      289.4 
8.1302      289.4 
11.796      289.4 
3.1233      289.4 
10.675      289.4 
3.9247      289.4 
18.412      291.55
13.47       291.55
13.653      291.55
16.396      291.55
6.2805      292.62
17.534      292.62
10.296      292.62
18.986      292.62
4.5753      292.62
13.662      292.62
9.7586      292.62
15.263      292.62
7.5141      292.62
10.607      292.62
3.8521      292.62
7.6335      292.62
16.294      293.68
16.409      293.68
12.03       293.68
15.86       293.68
12.659      293.68
14.752      293.68
5.262       294.75
13.448      294.75
5.716       294.75
17.187      294.75
3.474       294.75
9.6813      294.75
5.1865      294.75
10.887      294.75
3.5277      294.75
11.371      294.75
4.8334      294.75
5.5016      297.91
8.9782      297.91
5.1597      297.91
8.8873      297.91
4.9348      297.91
10.053      297.91
4.9346      297.91
12.176      300   
16.123      300   
7.4319      300   
10.082      300   
7.7146      300   
13.334      300   
13.777      300   
6.8411      300   
10.666      300	
17.136      302.08
3.6875      302.08
