-0.010131,-0.017612,0.13816			,0		
-0.062883,-0.066263,-0.16487        ,50    
0.10264,-0.49721,0.1989             ,50    
-0.038579,-0.006217,0.059866        ,50    
-0.17969,0.20291,-0.0062864         ,50    
-0.067686,0.42923,-0.014723         ,50    
0.033048,-0.056925,-0.27683         ,50    
-0.010793,-0.43406,0.39791          ,70.711
0.046094,-0.12652,0.14278           ,70.711
-0.12795,0.082501,0.3377            ,70.711
0.055466,0.83851,-0.1833            ,70.711
0.031144,-0.58917,0.18824           ,70.711
0.060762,-0.55331,0.12354           ,70.711
0.15211,0.45447,-0.15581            ,70.711
-0.15462,0.54095,-0.064103          ,70.711
0.17884,-0.8888,-0.0023192          ,70.711
-0.033871,-0.25013,-0.36508         ,70.711
0.03413,-0.22021,-0.22274           ,70.711
-0.11821,0.47258,-0.38529           ,70.711
-0.0019214,-0.47578,0.25881         ,86.603
0.11178,-0.50477,0.2173             ,86.603
-0.12033,0.65091,-0.12877           ,86.603
-0.23572,0.9127,0.18285             ,86.603
-0.079846,-0.75689,-0.14989         ,86.603
0.10154,-0.85604,0.17829            ,86.603
-0.12306,0.54205,-0.50161           ,86.603
0.034051,0.47138,-0.40388           ,86.603
0.015031,0.41166,0.54557            ,100   
-0.073157,-1.4724,0.47707           ,100   
-0.093997,0.19962,-0.16423          ,100   
0.14428,0.078715,0.060684           ,100   
-0.18533,1.3459,-0.38245            ,100   
-0.077232,-0.20213,-0.2895          ,100   
0.037537,0.01201,0.50425            ,111.8 
0.21504,0.21202,0.41949             ,111.8 
-0.25297,0.51139,0.41813            ,111.8 
0.02987,0.88245,0.38638             ,111.8 
-0.071537,-0.92166,0.5988           ,111.8 
0.011725,0.29218,0.095065           ,111.8 
-0.098633,0.27872,0.50357           ,111.8 
0.049349,1.3896,-0.27074            ,111.8 
-0.11504,-0.91448,0.27759           ,111.8 
-0.18126,-1.0219,0.42653            ,111.8 
-0.025369,-0.52188,-0.017063        ,111.8 
0.14458,-0.62089,0.18879            ,111.8 
-0.085177,0.52995,-0.34168          ,111.8 
0.10909,0.52502,-0.085301           ,111.8 
-0.29881,1.1861,-0.21788            ,111.8 
0.17205,1.1684,-0.23381             ,111.8 
-0.13211,-1.37,0.21333              ,111.8 
-0.087273,-0.28036,-0.22226         ,111.8 
0.1627,-0.091231,-0.20434           ,111.8 
-0.10329,1.1242,-0.26589            ,111.8 
0.17383,-0.8156,-0.17192            ,111.8 
0.35241,-0.24674,-0.25107           ,111.8 
-0.0079416,0.014904,-0.054149       ,111.8 
0.049378,0.22066,-0.64795           ,111.8 
0.05943,0.038422,0.47562            ,122.47
-0.26131,-0.16764,0.53608           ,122.47
0.35103,0.77394,0.2219              ,122.47
-0.21949,0.71968,0.29734            ,122.47
-0.32606,-0.64168,0.37601           ,122.47
-0.071782,-0.97913,0.71382          ,122.47
0.10321,-0.1827,0.03024             ,122.47
0.15811,-0.59737,0.064417           ,122.47
0.057915,0.74894,0.06089            ,122.47
0.085846,0.59173,0.085126           ,122.47
-0.10806,1.2337,-0.16213            ,122.47
-0.081068,1.1704,0.043491           ,122.47
-0.15274,-1.3083,0.02893            ,122.47
-0.12883,-1.3921,0.26994            ,122.47
-0.24957,-0.64512,-0.10889          ,122.47
-0.077964,-0.70716,0.095374         ,122.47
-0.051304,0.30916,-0.60357          ,122.47
0.24833,0.19603,-0.30258            ,122.47
-0.18371,0.94296,-0.54707           ,122.47
0.010387,0.86699,-0.50868           ,122.47
0.02261,-0.72045,-0.20525           ,122.47
0.17101,-0.96619,-0.1143            ,122.47
0.70474,0.27169,0.046072            ,122.47
-0.031266,-0.012074,-0.40608        ,122.47
-0.1262,-0.45077,0.42816            ,141.42
0.143,0.2195,0.3044                 ,141.42
-0.29417,0.3928,0.29233             ,141.42
-0.046862,1.2118,0.076784           ,141.42
-0.13933,-1.3516,0.12293            ,141.42
0.07568,-1.2459,0.44773             ,141.42
-0.2289,1.291,-0.44576              ,141.42
0.38637,1.0255,-0.30393             ,141.42
0.18763,-1.416,0.27411              ,141.42
-0.11211,-0.27285,-0.3128           ,141.42
-0.12176,-0.25143,-0.070671         ,141.42
-0.1727,0.88616,-0.43111            ,141.42
-0.013086,0.51019,1.2288            ,150   
-0.22375,-0.59689,0.082318          ,150   
-0.44411,-0.47604,0.35174           ,150   
0.1223,-0.102,0.28164               ,150   
-0.26713,-0.13214,0.14801           ,150   
0.23141,1.0294,-0.21281             ,150   
-0.72819,0.82511,0.046619           ,150   
0.016764,1.0044,-0.41422            ,150   
-0.30656,0.95603,-0.096864          ,150   
-0.43729,-0.91303,0.24898           ,150   
-0.027498,-1.1029,0.79448           ,150   
0.039943,1.5524,-0.29137            ,150   
0.088792,1.3384,-0.016922           ,150   
-0.29617,-1.7086,0.48009            ,150   
-0.32009,0.20205,-0.30104           ,150   
0.23084,0.25578,0.011192            ,150   
-0.36626,-1.5041,-0.23673           ,150   
-0.22761,-1.407,0.24718             ,150   
-0.30373,1.241,-0.66064             ,150   
0.12089,0.99523,-0.60131            ,150   
-0.32499,-1.3526,0.28949            ,150   
-0.21012,-1.5077,0.65315            ,150   
0.12358,-0.82839,-0.15526           ,150   
-0.010953,-1.0047,0.18499           ,150   
-0.0055007,0.32085,-0.43095         ,150   
-0.09021,0.089634,-0.23875          ,150   
-0.097473,0.72072,-0.39214          ,150   
-0.12102,0.47212,-0.32294           ,150   
-0.084029,-0.62789,-0.88085         ,150   
-0.46349,0.60633,1.0353             ,158.11
0.52764,0.45862,1.0299              ,158.11
-0.29738,0.53219,1.1172             ,158.11
-0.009087,0.84986,0.87273           ,158.11
-0.18691,-1.5471,1.2047             ,158.11
0.12866,0.54123,-0.028427           ,158.11
0.25868,0.38149,0.32495             ,158.11
-0.51355,-1.5872,0.28219            ,158.11
-0.16575,-1.6919,0.70358            ,158.11
-0.13366,-0.60992,0.048386          ,158.11
0.20201,-0.77943,0.0056813          ,158.11
-0.26764,0.62599,-0.41478           ,158.11
0.17834,0.38172,-0.15594            ,158.11
-0.36411,-1.957,0.10706             ,158.11
-0.30488,0.26921,-0.65756           ,158.11
0.30802,-0.031818,-0.33914          ,158.11
0.082315,-1.1033,-0.59445           ,158.11
0.00079152,-0.7163,-0.91874         ,158.11
-0.16264,-0.52502,-0.82524          ,158.11
-0.10009,0.01428,-1.182             ,158.11
0.3479,0.40922,0.97579              ,165.83
-0.57595,0.46686,0.91369            ,165.83
0.3726,0.88925,0.73136              ,165.83
-0.42009,0.88639,0.92951            ,165.83
-0.055592,-1.4156,1.119             ,165.83
-0.23856,-1.6209,1.1807             ,165.83
-0.17352,-0.46592,0.67393           ,165.83
0.55373,-0.28063,0.58398            ,165.83
-0.24331,0.80715,0.065398           ,165.83
0.01431,0.78334,0.12905             ,165.83
-0.40338,-2.0766,-0.34459           ,165.83
-0.29172,-2.2225,0.21378            ,165.83
0.059001,-0.55483,-0.50412          ,165.83
0.31879,-0.73194,-0.61409           ,165.83
-0.34546,0.59836,-0.90351           ,165.83
-0.084258,0.35077,-0.51184          ,165.83
0.12893,-1.0099,-0.7667             ,165.83
0.14054,-1.0094,-0.37627            ,165.83
-0.030047,-0.12466,-1.0404          ,165.83
-0.25639,-0.27239,-0.75576          ,165.83
-0.066381,-0.61676,0.0050966        ,173.21
-0.034142,-0.71581,0.26094          ,173.21
0.41955,1.1406,-0.38928             ,173.21
-0.31271,1.0979,-0.45006            ,173.21
-0.14729,-1.5559,0.31845            ,173.21
0.00024343,-1.4866,0.71101          ,173.21
-0.18754,0.99687,-0.30992           ,173.21
0.089953,0.50513,-0.22865           ,173.21
-0.22971,0.57704,0.60434            ,180.28
1.1109,0.3353,0.40487               ,180.28
-0.94267,0.58796,0.42236            ,180.28
0.087219,0.88648,0.39617            ,180.28
-0.20334,-1.1231,0.36582            ,180.28
0.13391,0.29088,-0.42598            ,180.28
-0.17781,0.30282,-0.23427           ,180.28
-0.22223,-1.6336,0.36703            ,180.28
0.027284,-1.8937,0.83296            ,180.28
-0.069629,-1.1544,0.1188            ,180.28
0.15044,-1.0961,0.28116             ,180.28
-0.35675,1.3293,-0.59037            ,180.28
0.089302,1.0098,-0.17186            ,180.28
-0.27567,-2.3591,0.97579            ,180.28
-0.33835,-0.1889,-0.23546           ,180.28
0.002186,-0.25862,0.34886           ,180.28
-0.18829,-1.2236,0.20062            ,180.28
0.5133,-0.3747,-0.8704              ,180.28
-0.084279,-0.41985,-0.33041         ,180.28
-0.4111,0.015844,-0.90315           ,180.28
0.13707,0.17821,0.3255              ,187.08
-0.70606,0.17202,0.28366            ,187.08
0.8935,0.24768,0.1815               ,187.08
-0.98094,0.55641,0.12916            ,187.08
1.0049,0.68383,0.086828             ,187.08
-0.86253,0.62222,0.19731            ,187.08
0.46936,0.63519,0.37959             ,187.08
-0.28527,0.62185,0.19409            ,187.08
-0.29163,-1.2495,0.45036            ,187.08
-0.12013,-1.2827,0.51248            ,187.08
0.21269,-0.42899,-0.17519           ,187.08
-0.075335,-0.13186,-0.22156         ,187.08
0.093752,0.81207,-0.6424            ,187.08
-0.29323,0.93147,-0.33613           ,187.08
-0.68781,-1.6703,1.6687             ,187.08
-0.10849,-1.7745,2.1596             ,187.08
-0.34464,-1.0627,1.0548             ,187.08
0.20294,-0.97978,1.5019             ,187.08
-0.24758,1.3991,-0.03511            ,187.08
0.3294,1.2229,0.31913               ,187.08
-0.71875,-2.1652,-1.0051            ,187.08
-0.34731,-2.2556,-0.49779           ,187.08
-0.72942,-1.3512,-1.1736            ,187.08
-0.004883,-1.4335,-0.87633          ,187.08
-0.63351,1.3471,-1.3657             ,187.08
0.10762,1.1833,-0.84554             ,187.08
-0.35248,-2.3345,0.65011            ,187.08
-0.068671,-2.4399,1.0973            ,187.08
-0.14097,-1.118,0.27823             ,187.08
0.1608,-1.1663,0.31972              ,187.08
-0.28653,0.39513,-0.32405           ,187.08
-0.10905,0.15137,-0.0073091         ,187.08
0.13149,-1.1302,0.54525             ,187.08
-0.036314,-0.96775,0.66937          ,187.08
0.67572,-0.73377,-0.076325          ,187.08
-0.13506,-1.0057,0.13378            ,187.08
0.32572,-0.044599,-0.76384          ,187.08
-0.39923,-0.36231,-0.33203          ,187.08
-0.026428,0.13047,-0.73573          ,187.08
-0.18748,0.083795,-0.63032          ,187.08
-0.14626,-1.7786,0.36332            ,190.39
0.18477,-1.8959,0.89497             ,190.39
0.0020828,-0.86406,-0.31365         ,190.39
0.3191,-0.85783,-0.084757           ,190.39
-0.35041,-1.7424,1.5086             ,192.03
-0.074626,-1.8805,2.1144            ,192.03
-0.23668,-0.78988,0.43327           ,192.03
0.25162,-0.63948,0.7356             ,192.03
-0.29158,-2.1978,-0.87402           ,192.03
-0.2357,-2.1692,-0.0070713          ,192.03
-0.15433,-1.0457,-1.296             ,192.03
0.46805,-0.91521,-1.1583            ,192.03
-0.094505,-1.55,0.17486             ,195.26
0.31197,-1.6853,0.76716             ,195.26
-0.089237,-1.436,0.41903            ,195.26
0.31806,-1.5669,0.44583             ,195.26
-0.77879,-1.8468,1.9999             ,196.85
-0.50227,-2.0777,2.541              ,196.85
-0.50094,-1.0305,0.86091            ,196.85
0.51525,-0.56323,1.4508             ,196.85
-0.54239,-1.3571,1.526              ,196.85
0.14839,-1.6395,2.065               ,196.85
-0.50838,-1.2359,1.5766             ,196.85
-0.021047,-1.469,1.8552             ,196.85
-0.38418,-1.7869,-1.0498            ,196.85
-0.15019,-1.9076,-0.40346           ,196.85
-0.71647,-1.6635,-0.80803           ,196.85
0.14812,-1.6665,-0.59809            ,196.85
-0.82417,-2.4984,-1.2812            ,196.85
-1.0236,-2.6114,-0.67571            ,196.85
-0.50549,-1.2487,-1.7019            ,196.85
0.41123,-1.1454,-1.7354             ,196.85
0.30618,0.5843,2.4617               ,200   
0.27746,-2.0461,0.73757             ,200   
-0.081844,0.16219,-0.45627          ,200   
0.2087,0.20236,-0.10546             ,200   
0.38238,-0.9142,-1.7488             ,200   
0.18474,0.39195,2.654               ,201.56
0.26357,0.7684,2.4564               ,201.56
-0.073692,0.62952,2.3663            ,201.56
0.65077,1.058,2.5008                ,201.56
-0.87567,-1.5766,2.238              ,201.56
-0.060599,-1.8058,2.6696            ,201.56
-0.6739,-1.2662,2.0647              ,201.56
-0.011427,-1.6262,2.5395            ,201.56
-0.23053,-2.1977,2.3673             ,201.56
-0.46121,0.1661,0.44861             ,201.56
-0.025405,0.35282,0.66188           ,201.56
0.37029,-1.9218,0.72054             ,201.56
0.25455,-1.9546,1.0032              ,201.56
0.25744,-1.7195,0.26975             ,201.56
0.47338,-2.0071,0.90764             ,201.56
-0.11344,-1.085,-0.029143           ,201.56
0.33374,-0.8642,0.13271             ,201.56
0.26529,-0.3197,-0.082283           ,201.56
0.57572,-0.0070018,-0.21161         ,201.56
-0.062953,0.36297,-0.37616          ,201.56
0.4888,0.26859,-0.099486            ,201.56
-0.32558,1.4523,-0.63793            ,201.56
0.46926,0.99318,-0.43438            ,201.56
-0.30069,-2.2249,-0.75804           ,201.56
-0.66153,-0.01089,-1.3537           ,201.56
0.6902,0.21043,-1.3131              ,201.56
-1.0198,-2.2846,-1.612              ,201.56
-0.54728,-2.2807,-0.96864           ,201.56
-1.1268,-2.129,-1.6062              ,201.56
-0.16612,-1.9256,-1.0966            ,201.56
0.53406,-1.6062,-1.4925             ,201.56
-0.30503,-1.0207,-2.0388            ,201.56
0.41781,-0.98145,-1.7794            ,201.56
0.6037,-0.35982,-1.8064             ,201.56
0.20826,0.55477,2.5159              ,203.1 
-0.19395,0.47656,2.6109             ,203.1 
0.457,1.0415,2.2897                 ,203.1 
0.046813,1.1628,2.3642              ,203.1 
-0.072351,-1.993,2.2034             ,203.1 
-0.12815,-2.1638,2.5948             ,203.1 
-0.482,-1.6981,1.7086               ,203.1 
0.029288,-2.0225,2.4753             ,203.1 
-0.19599,-0.82245,1.3991            ,203.1 
0.093983,-0.76402,1.4358            ,203.1 
-0.004793,-0.24685,0.97405          ,203.1 
0.50562,0.13387,1.0534              ,203.1 
-0.1029,0.51689,0.53443             ,203.1 
0.39675,0.56302,0.70073             ,203.1 
-0.36863,1.6807,0.20384             ,203.1 
0.299,1.2666,0.32797                ,203.1 
-0.36666,-2.0553,-0.88802           ,203.1 
-0.35853,-2.305,-0.601              ,203.1 
-0.61972,-2.0669,-1.259             ,203.1 
-0.44397,-2.2575,-0.58273           ,203.1 
-0.48828,-1.2558,-1.3635            ,203.1 
0.59987,-1.0907,-1.2286             ,203.1 
-0.18805,-0.21891,-1.241            ,203.1 
0.80431,-0.028966,-1.1768           ,203.1 
-0.30362,0.34548,-1.4254            ,203.1 
0.85855,0.20376,-1.2992             ,203.1 
-0.58881,1.7045,-1.8422             ,203.1 
0.57482,0.77637,-1.2748             ,203.1 
0.12913,-1.5208,-1.8593             ,203.1 
0.0076532,-1.5073,-2.0187           ,203.1 
0.013192,-0.36379,-1.9311           ,203.1 
0.61673,-0.52699,-1.7923            ,203.1 
-0.29388,-2.0697,1.7653             ,204.63
0.22855,-1.8641,2.3353              ,204.63
-0.18125,-0.74178,0.64926           ,204.63
1.1475,-0.73271,1.0268              ,204.63
-0.8413,-2.8439,-1.1514             ,204.63
-0.46005,-2.9041,-0.20638           ,204.63
-0.5781,-1.3401,-1.5382             ,204.63
0.37277,-1.3803,-1.363              ,204.63
-0.50123,0.59911,2.6224             ,206.16
0.18888,0.77469,2.5156              ,206.16
-0.69748,0.63979,2.4605             ,206.16
-0.12499,1.2452,2.1848              ,206.16
0.27612,-0.084944,-0.56688          ,206.16
-1.5009,0.068666,-0.78622           ,206.16
0.92902,0.66042,-0.80049            ,206.16
-0.87667,0.66977,-0.75468           ,206.16
0.14438,-1.6609,0.30426             ,206.16
0.61791,-1.6586,0.70625             ,206.16
0.064932,-0.97742,-0.13911          ,206.16
0.88016,-1.0052,0.31269             ,206.16
-0.0085071,1.3054,-0.80591          ,206.16
-0.1037,0.94948,-0.71595            ,206.16
-0.70425,-2.2547,3.0358             ,206.16
-0.64513,0.26198,0.97619            ,206.16
0.34406,0.37477,1.5191              ,206.16
0.53419,-1.8466,0.48172             ,206.16
0.49758,-1.8943,1.1273              ,206.16
0.079763,-0.68547,-0.13807          ,206.16
0.24879,-0.50277,-0.14498           ,206.16
-0.17013,0.37802,-0.59587           ,206.16
0.21786,0.13613,-0.39494            ,206.16
-1.1754,-2.7719,-1.4291             ,206.16
-0.83278,0.096551,-1.9071           ,206.16
0.94191,-0.24275,-1.7306            ,206.16
-0.031411,-2.7702,0.39972           ,206.16
0.49529,-2.6995,1.0774              ,206.16
-0.27426,-1.6192,0.087872           ,206.16
0.19476,-1.9075,0.64499             ,206.16
-0.40492,1.0184,-0.3694             ,206.16
0.47954,0.57933,-0.15976            ,206.16
0.22834,-1.3526,1.0753              ,206.16
-0.28367,-1.4958,1.6906             ,206.16
0.41911,0.52179,-0.11734            ,206.16
-0.3071,-0.25238,0.15425            ,206.16
-0.4611,-1.439,-2.0502              ,206.16
-0.66159,-0.89967,-2.1712           ,206.16
-0.021413,-0.76176,-1.9582          ,206.16
-0.031358,0.081701,-2.258           ,206.16
-0.42439,0.80336,2.435              ,207.67
-0.76885,0.81737,2.5291             ,207.67
0.32087,0.73941,2.8684              ,207.67
-0.80403,0.57481,2.6873             ,207.67
0.15262,1.0781,2.69                 ,207.67
-0.60252,0.99745,2.4853             ,207.67
-0.053588,0.9681,2.2573             ,207.67
-0.23244,1.1484,2.3395              ,207.67
-0.67978,-2.2241,3.0781             ,207.67
-0.90972,-2.2621,3.4892             ,207.67
-1.0814,-1.9675,2.6584              ,207.67
-0.40342,-2.0544,3.278              ,207.67
-0.90486,-1.0197,1.8531             ,207.67
0.096864,-0.84617,2.4146            ,207.67
-0.16263,0.068462,1.2753            ,207.67
0.61467,0.24253,1.4818              ,207.67
-0.37838,0.66918,0.93889            ,207.67
0.43947,0.54483,1.4587              ,207.67
-0.39169,1.6671,0.62225             ,207.67
0.14829,1.2874,1.0105               ,207.67
0.11536,-1.876,2.1858               ,207.67
-0.086067,-1.9516,2.7316            ,207.67
-0.30559,-0.56986,1.0509            ,207.67
0.22884,-0.52129,1.0685             ,207.67
-0.60212,0.50819,0.38313            ,207.67
0.10873,0.36384,0.88151             ,207.67
-0.25848,-2.0717,-1.1951            ,207.67
-0.18649,-2.2714,-0.56394           ,207.67
-0.36369,-0.81134,-1.5536           ,207.67
0.52481,-0.62542,-1.6106            ,207.67
-0.44583,0.35878,-1.6695            ,207.67
0.5488,0.16194,-1.4939              ,207.67
-1.3233,-2.4966,-1.5697             ,207.67
-1.2382,-2.9089,-1.3373             ,207.67
-1.456,-2.3513,-1.8522              ,207.67
-1.0062,-2.4976,-1.1569             ,207.67
-1.2637,-1.3914,-2.0261             ,207.67
0.097694,-1.2668,-1.6917            ,207.67
-0.65147,-0.11341,-1.7828           ,207.67
1.1517,-0.22075,-1.8266             ,207.67
-0.68592,0.21657,-1.8948            ,207.67
0.80368,0.090017,-1.7917            ,207.67
-0.974,1.5136,-1.9634               ,207.67
0.066498,0.96412,-1.7553            ,207.67
-0.42611,-1.2321,-2.1419            ,207.67
-0.37418,-1.2187,-2.1504            ,207.67
-0.11304,-1.2275,-2.1767            ,207.67
-0.14956,-1.264,-1.8953             ,207.67
-0.50328,-0.4345,-2.2235            ,207.67
-0.18563,-0.53143,-2.0515           ,207.67
-0.45913,0.015935,-2.1057           ,207.67
0.13416,-0.096645,-2.0552           ,207.67
-0.63236,-1.8332,1.8048             ,209.17
0.73038,-1.7873,2.1539              ,209.17
-0.56804,-1.52,1.7477               ,209.17
0.7406,-1.5974,2.1395               ,209.17
-0.96411,-2.6356,-1.488             ,209.17
-0.28471,-2.8841,-0.50628           ,209.17
-0.9832,-2.1761,-1.1928             ,209.17
-0.21715,-2.2291,-0.60719           ,209.17
0.18442,0.84207,2.6458              ,212.13
-1.2114,1.0224,2.4077               ,212.13
-0.007145,0.78426,2.4853            ,212.13
-0.87135,0.97845,2.3961             ,212.13
-1.3319,-0.27079,-0.88052           ,212.13
0.9093,0.45201,-1.0239              ,212.13
-1.5909,0.69063,-0.98509            ,212.13
-0.91468,-2.2455,3.16               ,212.13
-0.94673,-2.3892,3.7712             ,212.13
-0.82755,-0.55592,1.795             ,212.13
0.20991,-0.29239,1.6669             ,212.13
-0.5931,0.5082,0.7942               ,212.13
0.11647,0.48225,1.3101              ,212.13
0.20911,-1.671,0.29196              ,212.13
0.77121,-1.6712,0.62034             ,212.13
-1.5056,-2.8279,-2.0582             ,212.13
-1.3587,-2.7757,-1.563              ,212.13
-0.96704,-0.9145,-2.132             ,212.13
0.84785,-0.88929,-2.3068            ,212.13
-0.92113,0.35148,-2.1816            ,212.13
0.44973,0.19559,-2.123              ,212.13
-1.1451,-1.9944,2.3104              ,212.13
0.53704,-0.32793,0.66009            ,212.13
-0.66584,-0.42436,1.2169            ,212.13
0.24727,-0.87611,-2.2171            ,212.13
-0.68272,-1.0872,-1.8846            ,212.13
-0.70431,-0.14922,-2.7602           ,212.13
-0.55344,-0.37011,-2.0795           ,212.13
0.11972,1.2215,2.2582               ,213.6 
0.55641,0.95431,2.6105              ,213.6 
-1.3916,0.90962,2.4561              ,213.6 
-0.25895,1.0144,2.3695              ,213.6 
-0.26856,-2.5346,2.9052             ,213.6 
-0.30803,0.31933,0.7281             ,213.6 
0.81266,0.49732,1.3238              ,213.6 
-0.23948,-1.5354,1.99               ,213.6 
0.10606,-1.7199,2.6226              ,213.6 
1.0308,-1.8268,0.46753              ,213.6 
1.1363,-1.8965,1.269                ,213.6 
0.37735,-0.89963,-0.40742           ,213.6 
0.40694,-0.67815,-0.49643           ,213.6 
0.48195,0.56408,-0.67561            ,213.6 
0.60356,0.34017,-0.34401            ,213.6 
-0.24203,-1.8019,-1.6898            ,213.6 
0.19427,-1.8737,-1.3247             ,213.6 
-0.85341,-3.2703,-0.91792           ,213.6 
-0.91651,0.017643,-1.5909           ,213.6 
0.8947,-0.23506,-1.4501             ,213.6 
-0.05144,-1.24,-2.322               ,213.6 
-0.43855,-0.62079,-2.5003           ,213.6 
-0.82923,-0.92091,-1.9433           ,213.6 
-0.25844,-0.020274,-2.0292          ,213.6 
0.45238,1.1885,2.5244               ,215.06
-0.3943,1.4404,2.2585               ,215.06
0.96171,0.6717,2.7942               ,215.06
-1.3756,0.94657,2.5618              ,215.06
0.72498,0.88438,2.5448              ,215.06
-1.191,0.90399,2.5048               ,215.06
0.27295,0.9036,2.2243               ,215.06
-0.30219,0.92056,2.2299             ,215.06
0.44203,-2.0955,0.50867             ,215.06
1.1496,-2.1116,1.1655               ,215.06
0.10702,-0.69449,-0.37073           ,215.06
1.4303,-0.48632,-0.058249           ,215.06
-0.34512,-2.4088,2.8106             ,215.06
-0.25586,-2.444,3.0325              ,215.06
-0.90291,-2.0287,2.1082             ,215.06
0.074259,-2.3976,2.9936             ,215.06
-0.92034,-1.2716,1.5458             ,215.06
0.98397,-1.0174,1.8984              ,215.06
-0.26492,0.11043,1.2374             ,215.06
1.5398,0.24435,1.5205               ,215.06
-0.086978,0.40475,0.51872           ,215.06
0.98414,0.61414,1.1141              ,215.06
-0.34428,1.3891,-0.092476           ,215.06
0.73125,1.2686,0.72269              ,215.06
-0.1159,-1.7879,2.4312              ,215.06
0.22333,-1.9399,3.338               ,215.06
-0.34091,-0.88486,1.1517            ,215.06
-0.10126,-0.68386,1.3354            ,215.06
-0.19166,0.69413,0.37902            ,215.06
0.00036293,0.17638,0.81499          ,215.06
0.39953,-1.7775,0.30109             ,215.06
0.79595,-1.7674,0.9303              ,215.06
0.62319,-1.5439,0.48309             ,215.06
0.61199,-1.4543,0.50585             ,215.06
-0.10539,-1.9494,-1.7848            ,215.06
-0.0090732,-2.1173,-0.75039         ,215.06
-0.11263,-0.80892,-1.7929           ,215.06
0.95182,-0.84294,-2.2524            ,215.06
-0.11812,0.6178,-1.9465             ,215.06
0.49548,0.084858,-1.7562            ,215.06
-0.97322,-3.0604,-1.2713            ,215.06
-0.89121,-3.333,-0.82469            ,215.06
-1.0959,-2.9641,-1.6793             ,215.06
-0.82928,-3.1568,-0.65761           ,215.06
-1.2113,-1.8707,-1.7641             ,215.06
-0.11665,-1.749,-1.4867             ,215.06
-0.50773,-0.51973,-1.4291           ,215.06
1.4793,-0.35038,-1.5944             ,215.06
-0.41441,0.21832,-1.6513            ,215.06
0.79283,-0.042639,-1.396            ,215.06
-0.96563,1.2928,-1.6357             ,215.06
0.28813,0.76002,-1.5332             ,215.06
-0.013254,-3.1833,0.23909           ,215.06
0.51617,-3.1898,1.1113              ,215.06
0.12112,-1.5783,-0.39845            ,215.06
0.39315,-1.5551,-0.10865            ,215.06
0.00051921,-0.93223,-2.0399         ,215.06
-0.22028,-0.97984,-2.1618           ,215.06
0.29818,-0.8678,-2.2015             ,215.06
-0.34041,-0.94722,-1.7343           ,215.06
-0.20058,-0.57377,-2.5552           ,215.06
-0.38497,-0.50475,-1.9993           ,215.06
-0.40329,-0.050467,-2.3928          ,215.06
-0.36482,-0.17942,-2.2632           ,215.06
-0.35865,-1.6815,2.2105             ,216.51
0.27133,-1.8298,3.2529              ,216.51
-0.36722,-1.5155,2.0257             ,216.51
-0.17033,-1.5318,2.386              ,216.51
-0.33855,-1.8075,-1.8945            ,216.51
-0.15208,-2.0176,-0.97463           ,216.51
-0.17877,-1.6343,-1.6103            ,216.51
0.45017,-1.6899,-1.5887             ,216.51
-1.4324,-0.41498,-1.1076            ,217.94
-2.166,-0.6574,-1.3311              ,217.94
0.22379,0.13485,-1.2418             ,217.94
-1.9589,0.21761,-1.833              ,217.94
0.64844,0.42772,-1.4104             ,217.94
-1.8413,0.71821,-1.3798             ,217.94
-1.2884,-1.7894,3.0931              ,217.94
-0.34751,-1.8882,3.5328             ,217.94
-1.7464,-2.331,-2.7057              ,217.94
-0.8465,-2.3514,-2.2688             ,217.94
-0.99171,-2.0281,2.387              ,217.94
-1.0275,-2.2376,2.9939              ,217.94
0.39342,-1.036,1.3109               ,217.94
-0.37451,-1.1999,1.6861             ,217.94
0.32428,-0.090407,0.56324           ,217.94
-0.4064,-0.24088,1.0605             ,217.94
1.4022,1.6002,2.0335                ,219.37
-0.77428,1.7289,2.0423              ,219.37
1.4376,1.0624,2.2767                ,219.37
-1.391,1.3624,2.2273                ,219.37
0.82712,0.49362,2.1727              ,219.37
-1.3607,0.64075,2.2238              ,219.37
0.62468,0.54647,2.1649              ,219.37
-0.80464,0.68625,2.2701             ,219.37
0.26379,-1.8392,0.38056             ,219.37
1.4679,-1.9154,0.90693              ,219.37
0.15815,-1.6687,0.49547             ,219.37
1.5485,-1.3891,1.0557               ,219.37
0.023083,-2.9134,-0.058373          ,219.37
0.63926,-2.9537,0.81261             ,219.37
-0.13686,-2.5481,0.45207            ,219.37
0.16692,-2.5166,0.91315             ,219.37
0.51773,-0.92795,-2.0274            ,219.37
-0.44376,-0.91597,-1.9646           ,219.37
0.59464,-0.57302,-2.0932            ,219.37
-0.78079,-0.77717,-1.5642           ,219.37
-0.31596,-0.40072,-2.5783           ,219.37
-0.91021,-0.38301,-2.1078           ,219.37
-0.34836,-0.086907,-2.4038          ,219.37
-0.61353,-0.36314,-2.1065           ,219.37
-0.76387,-2.9447,2.8487             ,219.37
-0.33527,-2.7958,3.7439             ,219.37
-0.64955,-0.62565,1.5034            ,219.37
1.1399,-0.42683,1.5717              ,219.37
-0.39123,0.65885,0.31717            ,219.37
0.93065,0.70818,1.0365              ,219.37
-1.7375,-2.3041,3.6489              ,219.37
-1.1098,-2.4156,4.3988              ,219.37
-1.1899,-0.83991,2.2192             ,219.37
-0.015436,-0.61268,2.4003           ,219.37
-0.47777,1.0224,1.063               ,219.37
0.091124,0.67401,1.5547             ,219.37
-2.0122,-2.6609,-2.8854             ,219.37
-1.9259,-3.1866,-1.7355             ,219.37
-1.1996,-1.1661,-2.9408             ,219.37
0.69287,-1.0878,-3.0603             ,219.37
-0.61212,0.71132,-2.6136            ,219.37
0.1682,0.11499,-2.3946              ,219.37
-1.2261,-3.3816,-1.856              ,219.37
-1.0318,-3.363,-0.85195             ,219.37
-1.1385,-1.2048,-1.9879             ,219.37
0.81337,-0.93842,-1.8972            ,219.37
-1.0875,0.45311,-1.8442             ,219.37
0.4585,-0.02563,-1.8035             ,219.37
-1.6781,-2.0363,3.5119              ,220.79
-0.77442,-2.1788,4.3084             ,220.79
-1.2159,-1.446,3.4579               ,220.79
-0.59181,-1.6959,3.5425             ,220.79
-2.12,-2.5785,-3.2142               ,220.79
-1.634,-2.5103,-2.2799              ,220.79
-1.7086,-2.0476,-2.5581             ,220.79
-0.14683,-2.1579,-2.451             ,220.79
1.1334,1.8977,2.1806                ,223.61
2.2997,0.93803,2.1516               ,223.61
-1.5912,1.0525,2.3326               ,223.61
-0.15191,0.1998,2.1921              ,223.61
1.4345,-2.7281,1.3946               ,223.61
0.18932,0.49114,-0.63635            ,223.61
1.277,0.7767,0.14599                ,223.61
1.8107,-1.5164,0.35394              ,223.61
1.8186,-1.8706,1.3139               ,223.61
0.93503,-0.83355,-0.087655          ,223.61
0.40618,-0.76424,-0.030746          ,223.61
0.10845,1.5042,-0.74706             ,223.61
0.6324,1.0624,-0.33581              ,223.61
0.71558,-3.7191,0.68556             ,223.61
-0.66985,-0.078452,-0.36237         ,223.61
0.92218,-0.27646,-0.21914           ,223.61
0.45567,-0.46519,-1.392             ,223.61
0.72069,-0.67365,-2.2628            ,223.61
-1.1734,-0.52123,-1.7919            ,223.61
-0.40584,-0.40806,-2.3591           ,223.61
1.9613,0.49807,2.6844               ,225   
1.8373,-1.8321,0.37101              ,225   
0.42732,0.14432,-0.52593            ,225   
-0.10573,0.35157,-0.31169           ,225   
2.1873,-1.6967,-1.9911              ,225   
1.6505,1.977,1.9343                 ,225   
0.61304,2.0051,2.1751               ,225   
2.4431,0.87037,2.3305               ,225   
-1.2373,1.1478,2.3764               ,225   
2.2716,0.63878,2.2299               ,225   
-1.437,0.90761,2.4025               ,225   
0.21845,0.085233,2.2079             ,225   
-0.24641,0.25357,2.1969             ,225   
1.5087,-2.8203,1.2418               ,225   
1.7064,-2.6931,1.3827               ,225   
0.68083,-2.268,0.52472              ,225   
1.9078,-2.4425,1.411                ,225   
0.11821,-1.178,-0.011442            ,225   
2.0776,-0.92878,0.48951             ,225   
0.47316,-0.36481,-0.075617          ,225   
2.0606,0.18244,0.2483               ,225   
0.33039,0.61638,-0.61152            ,225   
1.5738,0.63705,0.07057              ,225   
-0.043072,1.9938,-0.70927           ,225   
1.0726,1.3639,-0.33962              ,225   
-1.1111,-1.9804,2.8211              ,225   
0.68675,-2.101,3.1943               ,225   
0.11091,-1.6894,2.8927              ,225   
0.5102,-1.9278,4.0353               ,225   
-0.13879,-0.92722,1.9468            ,225   
-0.54324,-0.54336,2.4809            ,225   
-0.31487,1.4743,0.71162             ,225   
0.28226,1.1877,1.2644               ,225   
0.18185,-1.8579,-2.4489             ,225   
0.46358,-2.3106,-1.36               ,225   
-0.099851,-1.2315,-2.3203           ,225   
0.90251,-0.77269,-2.274             ,225   
-0.42941,1.4968,-2.326              ,225   
0.40798,0.88775,-2.0477             ,225   
-1.8882,-2.7919,-2.4762             ,225   
-0.99505,-2.5266,-1.4511            ,225   
0.60365,-3.7606,0.36242             ,225   
0.7089,-3.5428,0.58102              ,225   
-0.14132,-3.4276,-0.19777           ,225   
0.88028,-3.249,1.0243               ,225   
-0.11985,-2.2641,-0.14579           ,225   
0.21548,-1.8001,0.22165             ,225   
0.12161,-0.67439,-0.070639          ,225   
1.2407,-0.73093,-0.23434            ,225   
-0.18434,0.29759,-0.44417           ,225   
0.8932,-0.20714,-0.080742           ,225   
-0.39664,1.4398,-0.77335            ,225   
0.72067,0.62376,-0.26692            ,225   
0.96264,-0.31451,-1.4496            ,225   
0.28522,-0.10792,-1.1571            ,225   
1.4815,-0.60321,-1.8908             ,225   
-0.40825,-0.79862,-1.7331           ,225   
0.75062,-0.5946,-2.3521             ,225   
-0.94365,-0.71326,-1.9355           ,225   
-0.37062,-0.5707,-2.4084            ,225   
-0.66783,-0.46788,-2.2914           ,225   
0.24983,-0.25173,3.4325             ,226.38
0.59786,0.50274,2.9689              ,226.38
1.2705,0.63957,3.1548               ,226.38
2.3578,1.4805,2.868                 ,226.38
2.6634,1.2911,1.5941                ,226.38
-0.43181,1.8141,1.8259              ,226.38
1.6683,0.27772,1.9016               ,226.38
-0.97703,0.31104,1.8159             ,226.38
0.38309,-2.1174,3.2869              ,226.38
-0.2709,0.24594,1.3182              ,226.38
-0.75121,0.52147,1.9402             ,226.38
2.6226,-1.6873,0.39127              ,226.38
2.062,-1.6049,0.56466               ,226.38
1.0538,-0.070027,0.052906           ,226.38
0.33719,0.53709,-0.30957            ,226.38
0.64813,0.50309,-0.53344            ,226.38
0.33471,0.31175,-0.29401            ,226.38
0.11225,-2.2322,-2.4127             ,226.38
-0.1454,0.098862,-2.3452            ,226.38
0.83979,0.33771,-2.1786             ,226.38
1.6182,-0.54022,-1.9386             ,226.38
-0.28242,-0.45584,-1.632            ,226.38
0.35028,-0.4445,-2.3442             ,226.38
-0.68519,-0.90549,-1.9213           ,226.38
0.89572,-2.3024,-2.4597             ,226.38
0.42147,-1.3071,-2.4243             ,226.38
2.1383,-1.6199,-2.6005              ,226.38
2.3998,-0.18024,-2.1094             ,226.38
-0.94471,-2.6101,3.3402             ,226.38
-0.43178,-2.8298,4.1094             ,226.38
-0.95756,-0.94246,1.7338            ,226.38
1.5853,-0.76218,1.9181              ,226.38
0.007249,0.98651,0.70562            ,226.38
0.91765,0.91165,1.1955              ,226.38
-1.9374,-3.3345,-2.5373             ,226.38
-1.3102,-3.3776,-1.3703             ,226.38
-1.3273,-1.4634,-2.5899             ,226.38
0.49126,-1.3036,-2.5692             ,226.38
-0.62685,0.93991,-2.0704            ,226.38
0.13968,0.23695,-2.0349             ,226.38
-0.3518,-0.13254,3.4985             ,227.76
-0.09975,0.11855,3.7034             ,227.76
1.0463,1.4579,2.7802                ,227.76
2.0636,1.5042,3.2448                ,227.76
0.33644,-2.0788,-1.3917             ,227.76
0.53854,-2.0426,-0.96852            ,227.76
0.061033,-0.7633,-2.0166            ,227.76
0.3646,-0.5168,-2.0422              ,227.76
-1.5697,-2.3102,3.0839              ,227.76
0.088112,-2.5946,3.9794             ,227.76
-1.2884,-1.7521,2.9524              ,227.76
1.1701,-1.8991,3.2807               ,227.76
0.80895,-1.7808,3.0067              ,227.76
0.24962,-2.1397,3.5297              ,227.76
0.28502,-0.15191,1.7295             ,227.76
-0.4288,0.12266,1.8347              ,227.76
-0.066413,0.44674,1.1749            ,227.76
-0.19968,0.60783,1.8154             ,227.76
0.58779,-2.3057,-2.493              ,227.76
0.055113,-2.1999,-2.1053            ,227.76
0.30258,-0.22661,-2.11              ,227.76
0.99129,0.0574,-2.3015              ,227.76
-0.40606,0.22879,-2.42              ,227.76
1.1188,0.31105,-2.155               ,227.76
-2.2515,-2.8747,-2.7782             ,227.76
-1.5268,-3.3828,-1.68               ,227.76
-1.8724,-2.3397,-2.1929             ,227.76
-0.80707,-2.615,-2.373              ,227.76
0.17372,-3.4806,2.0731              ,227.76
0.6694,-3.4065,3.271                ,227.76
0.22576,-1.6726,1.213               ,227.76
0.36865,-1.7513,1.702               ,227.76
-0.26402,-2.2047,-2.9103            ,227.76
0.45253,-2.5915,-2.7533             ,227.76
0.52091,-0.33124,-2.2011            ,227.76
2.8163,-0.57386,-2.5145             ,227.76
2.6182,1.8434,1.6008                ,229.13
0.5333,2.0951,1.7632                ,229.13
3.0503,1.1695,1.7286                ,229.13
-1.2581,1.6802,1.9252               ,229.13
2.2872,0.44864,1.8059               ,229.13
-1.7337,0.42433,2.0454              ,229.13
1.2066,-0.048444,1.9516             ,229.13
-0.48499,-0.070291,2.1138           ,229.13
1.7235,-2.7246,1.2345               ,229.13
2.3614,-2.8184,1.7867               ,229.13
0.25036,-0.62982,0.061092           ,229.13
2.3265,-0.4597,0.27216              ,229.13
0.06475,0.91004,-0.5495             ,229.13
1.3874,0.90455,-0.33256             ,229.13
-2.5975,-2.3096,4.5436              ,229.13
-1.7647,-2.868,5.713                ,229.13
-1.9144,-1.1034,3.3261              ,229.13
-0.69705,-1.0053,3.7132             ,229.13
-1.2465,1.5965,1.5081               ,229.13
-0.2211,1.2209,2.2066               ,229.13
-2.8776,-2.6952,-3.9085             ,229.13
-2.4824,-2.885,-2.6164              ,229.13
-2.2243,-1.5807,-3.6437             ,229.13
0.42742,-1.1241,-3.6383             ,229.13
-1.4592,1.5946,-3.0603              ,229.13
-0.36184,1.0108,-3.0267             ,229.13
0.7152,-3.7754,-0.0096327           ,229.13
0.97405,-3.8623,0.87509             ,229.13
-0.11044,-1.4366,-0.28216           ,229.13
0.8031,-1.2103,-0.37686             ,229.13
-0.49825,0.53011,-0.47502           ,229.13
0.87426,0.14704,-0.48711            ,229.13
1.6924,-0.23684,-1.2045             ,229.13
0.17616,-0.1319,-1.0833             ,229.13
2.0364,-0.34603,-1.5409             ,229.13
-0.5096,-0.3684,-1.4482             ,229.13
0.84125,-0.27574,-2.3032            ,229.13
-0.95158,-0.89937,-1.9537           ,229.13
0.033337,-0.6597,-2.24              ,229.13
-0.87434,-0.85606,-1.8777           ,229.13
-1.664,0.39354,3.8498               ,230.49
-0.9734,0.62112,3.3636              ,230.49
-0.49599,0.87393,3.2801             ,230.49
0.732,2.0384,3.0596                 ,230.49
-2.5545,-2.9437,4.9697              ,230.49
-1.3779,0.3739,2.4688               ,230.49
-0.51905,0.43414,2.9542             ,230.49
3.2118,-1.7816,0.2338               ,230.49
2.9336,-1.7891,0.85063              ,230.49
1.1719,-0.58866,-0.23536            ,230.49
-0.14293,-0.20027,-0.49562          ,230.49
0.47253,0.39668,-0.71198            ,230.49
0.51373,0.15648,-0.36186            ,230.49
-2.7266,-3.1183,-3.7863             ,230.49
-1.6988,-0.05801,-3.2789            ,230.49
1.1123,0.012814,-3.1892             ,230.49
-1.3816,-2.2295,-3.3183             ,230.49
-1.8672,-1.4473,-3.2315             ,230.49
0.47175,-1.0973,-2.9445             ,230.49
1.3465,0.83039,-2.4995              ,230.49
2.0995,-1.5402,0.083627             ,230.49
1.8619,-1.4778,0.80018              ,230.49
1.5828,-1.051,0.064423              ,230.49
1.5207,-1.4918,0.23889              ,230.49
-1.9227,0.69824,3.9649              ,231.84
-2.3514,0.49384,3.7047              ,231.84
-0.95182,0.29881,4.2833             ,231.84
-1.5912,0.4751,3.7757               ,231.84
-0.79225,1.2063,3.7111              ,231.84
-0.13768,1.3057,3.3977              ,231.84
-0.35654,1.9261,3.2065              ,231.84
0.26108,1.7221,3.3572               ,231.84
0.27622,-1.8498,-1.7737             ,231.84
0.89252,-1.7669,-0.99588            ,231.84
0.093493,-1.5448,-1.4984            ,231.84
1.0148,-1.6371,-1.2852              ,231.84
-2.4766,-2.8813,4.9678              ,231.84
-2.7262,-2.9476,5.246               ,231.84
-1.1936,-0.19993,2.9676             ,231.84
-0.19152,0.55544,3.0359             ,231.84
-1.0323,0.4363,2.2455               ,231.84
-0.15057,0.63604,2.9023             ,231.84
0.82148,-1.7929,3.3142              ,231.84
0.53614,-2.1181,4.0614              ,231.84
-0.081428,-1.6633,3.0986            ,231.84
0.25717,-1.7457,3.9901              ,231.84
-0.051152,-1.3659,2.9339            ,231.84
-0.34329,-1.4105,3.6281             ,231.84
-0.028595,-0.59552,1.9809           ,231.84
-0.33171,0.44965,1.0905             ,231.84
-0.32735,0.38053,1.7101             ,231.84
0.65525,-2.0481,-2.9647             ,231.84
0.39563,-2.0989,-2.2318             ,231.84
0.47181,-1.7596,-2.8957             ,231.84
0.34174,-1.9825,-2.2152             ,231.84
0.33987,-1.5664,-2.7951             ,231.84
1.0395,-1.7817,-2.7102              ,231.84
-0.0082014,-0.71308,-2.38           ,231.84
0.73888,-0.36661,-2.7971            ,231.84
-0.23056,0.3621,-2.7459             ,231.84
0.95947,0.1149,-2.4143              ,231.84
-2.595,-3.1442,-4.1632              ,231.84
-3.1592,-3.1033,-3.9352             ,231.84
-1.3971,-0.48177,-3.152             ,231.84
1.8891,-0.16595,-3.5927             ,231.84
-1.6385,0.28883,-3.4525             ,231.84
1.196,0.37934,-3.4625               ,231.84
0.42665,-3.087,2.1504               ,231.84
1.6312,-3.0505,3.0002               ,231.84
0.33753,-2.7221,2.4829              ,231.84
1.0514,-2.5783,2.8679               ,231.84
-1.6285,-1.5458,-3.8169             ,231.84
-1.4651,-1.9881,-3.1637             ,231.84
-1.5366,-1.7564,-3.5185             ,231.84
-0.64674,-2.0214,-2.9308            ,231.84
-1.3844,-0.42801,-3.1521            ,231.84
0.46639,-0.47492,-2.7212            ,231.84
-0.52942,0.53191,-2.8958            ,231.84
0.91879,0.72947,-2.7438             ,231.84
-2.0109,-0.70107,-2.4927            ,234.52
-2.9269,-1.3025,-2.6009             ,234.52
-1.3885,-0.11271,-2.3891            ,234.52
-2.4367,-0.7492,-2.9937             ,234.52
-0.05605,0.80912,-2.2103            ,234.52
-2.075,0.98806,-2.398               ,234.52
0.7384,-2.198,0.76293               ,234.52
3.1215,-2.1528,1.5049               ,234.52
0.0034825,-3.1965,-0.45223          ,234.52
0.81362,-3.2848,0.11445             ,234.52
-0.92625,-2.1353,3.4868             ,234.52
-0.59254,-2.8322,4.2353             ,234.52
-0.70288,-1.6981,2.6741             ,234.52
-0.22556,-1.8971,3.5924             ,234.52
-0.18212,0.61975,1.2918             ,234.52
-0.13231,0.25251,1.8419             ,234.52
-1.2132,1.4725,4.1937               ,235.85
-2.8792,0.84833,3.601               ,235.85
-1.5347,1.3399,3.8326               ,235.85
-1.4243,1.4718,3.3388               ,235.85
2.2834,2.5644,1.4384                ,235.85
3.8081,1.5831,1.0318                ,235.85
0.34492,2.3828,1.1845               ,235.85
4.064,1.2305,0.84932                ,235.85
-0.35711,2.2104,1.3428              ,235.85
3.9914,0.74065,1.1762               ,235.85
-1.5079,0.73072,2.1056              ,235.85
3.3886,0.21661,1.2661               ,235.85
-0.90103,-0.11285,1.7845            ,235.85
2.5892,-0.18513,1.3752              ,235.85
-0.45048,-0.53783,1.7981            ,235.85
2.0148,-2.7765,-1.1343              ,235.85
-0.098138,0.39328,-2.0707           ,235.85
0.8339,0.53325,-1.8683              ,235.85
1.9131,-2.9096,1.376                ,235.85
2.8261,-3.1652,2.2363               ,235.85
0.68489,-0.96817,-0.078493          ,235.85
3.2142,-0.72628,0.39489             ,235.85
0.66612,0.99215,-0.82001            ,235.85
2.2534,1.0752,-0.12717              ,235.85
-2.1228,-2.658,4.2553               ,235.85
-0.95076,-3.2568,5.3626             ,235.85
-1.6437,-1.3969,3.0575              ,235.85
1.5113,-1.1119,3.3802               ,235.85
-0.38608,2.0106,1.0381              ,235.85
0.94454,1.264,1.8846                ,235.85
-3.1734,-2.7839,5.2239              ,235.85
-3.2217,-3.0141,5.9403              ,235.85
-3.1143,-2.011,4.7802               ,235.85
-2.0488,-2.1523,5.7304              ,235.85
-2.7213,-1.6752,4.6732              ,235.85
-1.7835,-2.1145,5.2505              ,235.85
-1.9665,-0.79462,3.3855             ,235.85
-0.56498,-0.43734,3.5143            ,235.85
-1.5822,0.57459,2.2888              ,235.85
-0.68189,0.59149,2.9546             ,235.85
-3.3309,-3.0655,-4.8324             ,235.85
-3.6203,-3.3087,-4.067              ,235.85
-3.2949,-2.5207,-4.8233             ,235.85
-2.6751,-2.7241,-4.0831             ,235.85
-3.0621,-2.2647,-4.6018             ,235.85
-1.2957,-2.5065,-4.3848             ,235.85
-2.0416,-0.97515,-3.8033            ,235.85
1.3188,-0.71144,-4.1986             ,235.85
-1.8789,0.57338,-3.5964             ,235.85
0.39398,0.068913,-3.6317            ,235.85
-3.0092,-3.3839,-3.757              ,235.85
-2.3243,-3.8779,-1.8746             ,235.85
-2.5361,-1.878,-3.3735              ,235.85
-0.34527,-1.8928,-3.2592            ,235.85
-1.7704,1.6988,-2.782               ,235.85
-0.20531,0.93283,-2.6404            ,235.85
0.56605,-3.8513,-0.43403            ,235.85
1.7227,-4.1009,0.79832              ,235.85
-0.02015,-1.7852,-0.79411           ,235.85
0.77843,-1.7807,-0.63489            ,235.85
0.077631,0.70042,-1.0644            ,235.85
0.72964,0.24001,-0.34341            ,235.85
0.88836,-3.9309,3.3561              ,235.85
-0.31075,-0.29974,1.3127            ,235.85
0.44522,-0.33827,1.9226             ,235.85
1.9519,0.35425,-0.14527             ,235.85
2.7267,-0.22965,-0.6527             ,235.85
0.53643,0.36646,-0.51026            ,235.85
2.8489,-0.51378,-1.1262             ,235.85
0.14391,-0.20577,-1.1234            ,235.85
2.3732,-0.36216,-1.5855             ,235.85
-0.92176,-0.74556,-1.5253           ,235.85
1.4939,-0.97828,-1.789              ,235.85
-0.53165,-1.2531,-1.8611            ,235.85
0.93594,-0.84406,-1.9196            ,235.85
-0.63276,-1.2867,-1.7201            ,235.85
-1.8694,-0.87242,-4.0587            ,235.85
-2.524,-1.7171,-2.9946              ,235.85
-2.0136,-0.017584,-3.6516           ,235.85
-0.68366,0.021818,-3.246            ,235.85
-1.5657,1.5737,4.0072               ,237.17
-1.0637,1.2957,4.4562               ,237.17
-2.7205,1.0175,3.483                ,237.17
-1.0064,1.7995,3.6852               ,237.17
2.9547,2.4351,1.2825                ,237.17
1.6809,2.7673,1.4325                ,237.17
4.5123,0.81832,1.1819               ,237.17
-1.0082,1.5482,1.737                ,237.17
4.2416,0.74728,1.1396               ,237.17
-1.2219,0.65864,2.0151              ,237.17
2.1746,-2.6268,-1.2834              ,237.17
2.1948,-2.6941,-1.0729              ,237.17
1.0057,-2.3208,-2.0114              ,237.17
2.0301,-2.1921,-0.91757             ,237.17
0.16921,-1.2754,-2.0577             ,237.17
1.5378,-0.78446,-1.6806             ,237.17
0.31679,0.075439,-1.8648            ,237.17
1.2709,0.54525,-1.9555              ,237.17
0.03371,0.82344,-2.0907             ,237.17
1.1488,0.83839,-1.6626              ,237.17
-0.13736,1.292,-2.2738              ,237.17
0.64865,1.2429,-1.8813              ,237.17
1.2682,-2.7515,1.1019               ,237.17
3.33,-2.73,2.1406                   ,237.17
0.70724,-2.2328,0.73783             ,237.17
3.4528,-1.7649,1.5201               ,237.17
-1.8309,-3.7029,4.7436              ,237.17
-1.1049,0.41487,1.9217              ,237.17
1.3268,0.43372,2.6531               ,237.17
-2.1863,-4.1454,-3.4775             ,237.17
-2.096,-0.0030443,-3.114            ,237.17
1.5036,-0.15229,-2.8788             ,237.17
0.30549,-3.6058,-0.84868            ,237.17
1.3343,-3.6908,0.6111               ,237.17
0.029514,-2.9106,-0.23193           ,237.17
0.17786,-2.9236,-0.031055           ,237.17
0.9046,-4.1451,2.8625               ,237.17
1.1497,-4.2012,3.3797               ,237.17
1.0431,-3.8085,2.3898               ,237.17
2.2092,-3.6008,3.4628               ,237.17
0.25946,-2.259,2.028                ,237.17
0.61996,-2.1496,2.3749              ,237.17
0.34303,-0.82953,1.7068             ,237.17
0.92342,-0.55643,2.0484             ,237.17
-0.20874,0.179,1.3553               ,237.17
0.52591,-0.19996,1.8482             ,237.17
-0.21809,1.3197,0.7175              ,237.17
1.0479,0.64304,1.3156               ,237.17
2.2634,0.14483,-0.0325              ,237.17
1.6283,0.25953,0.065792             ,237.17
2.9666,-0.41738,-0.79367            ,237.17
-0.16924,-0.57026,-1.1388           ,237.17
2.3131,-0.49339,-1.5922             ,237.17
-0.67581,-0.73224,-1.5664           ,237.17
-2.1209,-1.1787,-3.8003             ,237.17
-2.0617,-1.0604,-4.2423             ,237.17
-1.8416,-1.1918,-3.0766             ,237.17
-1.2063,0.21762,-3.2003             ,237.17
-0.76427,1.7599,4.0419              ,238.48
-1.9519,1.6882,3.7926               ,238.48
-0.26838,1.2444,4.6329              ,238.48
-2.6811,0.60788,3.6923              ,238.48
-0.063614,1.0989,4.5418             ,238.48
-2.485,1.1609,3.6064                ,238.48
-1.4834,1.1708,3.6438               ,238.48
-1.2707,1.5182,3.4775               ,238.48
-1.8123,-3.4983,4.9686              ,238.48
-1.9149,-3.9247,5.136               ,238.48
-1.0347,-0.28749,2.6875             ,238.48
2.0715,0.34051,3.1181               ,238.48
-0.81863,0.54127,1.8994             ,238.48
1.2364,0.62129,2.3811               ,238.48
-2.4846,-4.1565,-4.0112             ,238.48
-2.3764,-4.2223,-3.4574             ,238.48
-1.8908,-0.59834,-3.17              ,238.48
2.3402,-0.3514,-3.2179              ,238.48
-1.63,0.40253,-3.1474               ,238.48
1.1868,-0.19234,-2.897              ,238.48
-1.5323,-1.0013,-4.1147             ,238.48
-2.5525,-1.3596,-3.7061             ,238.48
-1.2752,-0.69191,-4.0727            ,238.48
-1.9745,-1.6829,-3.0218             ,238.48
-2.077,-0.55077,-3.9873             ,238.48
-1.5255,-0.68189,-2.9271            ,238.48
-1.7688,0.28799,-3.6565             ,238.48
-1.1864,0.030615,-3.2284            ,238.48
3.4562,2.2058,0.78246               ,241.09
1.019,2.9787,1.0683                 ,241.09
4.4446,1.2273,0.80818               ,241.09
-1.244,2.0483,1.2031                ,241.09
4.528,0.30796,0.64978               ,241.09
-1.488,0.37095,1.5942               ,241.09
2.6869,-2.9355,-1.5453              ,241.09
3.1759,-2.8019,-1.0368              ,241.09
0.26385,-0.56736,-2.1807            ,241.09
1.4597,-0.25092,-2.1562             ,241.09
-0.03988,0.69808,-2.4412            ,241.09
1.1208,0.73808,-2.0391              ,241.09
1.5421,-4.2981,2.7187               ,241.09
2.2933,-4.3116,3.5682               ,241.09
0.35388,-1.4577,1.8463              ,241.09
0.88879,-1.4546,1.8996              ,241.09
0.017713,0.41103,1.1661             ,241.09
0.47035,-0.10353,1.4778             ,241.09
3.0086,0.091444,0.19812             ,241.09
1.2961,0.48271,0.4757               ,241.09
3.3699,-0.52864,-0.61522            ,241.09
0.0019375,-0.084011,-0.90547        ,241.09
2.5653,-0.5757,-1.4677              ,241.09
-0.73093,-1.1432,-1.5035            ,241.09
0.66368,2.1022,3.9351               ,242.38
-2.0261,1.9633,3.8792               ,242.38
0.54271,1.9108,4.3521               ,242.38
-3.3717,1.7127,3.7221               ,242.38
-0.80057,0.64457,4.2912             ,242.38
-3.0556,0.95803,3.3532              ,242.38
-1.4095,0.51855,4.0282              ,242.38
-2.3893,1.1732,3.5969               ,242.38
-2.345,0.62322,-1.9893              ,242.38
-4.5369,-0.15066,-2.5918            ,242.38
0.14622,0.69063,-2.0746             ,242.38
-3.2241,0.37978,-2.9457             ,242.38
-2.7041,-1.4826,-3.2294             ,242.38
-3.2564,-1.9886,-3.3618             ,242.38
-1.4034,-0.035659,-3.2315           ,242.38
-2.3263,-0.44684,-4.0347            ,242.38
-2.8312,-3.6923,4.9132              ,242.38
-2.4619,-3.8558,5.858               ,242.38
-2.9308,-2.5998,4.6632              ,242.38
-0.78027,-3.0018,5.476              ,242.38
-2.7121,-2.2914,4.2214              ,242.38
0.0023457,-2.5607,4.9948            ,242.38
-1.6263,-0.85925,3.2368             ,242.38
1.6743,-0.51629,3.3062              ,242.38
-1.0627,0.73338,1.8434              ,242.38
0.75089,0.84872,2.4817              ,242.38
-3.2686,-3.9872,-4.6263             ,242.38
-2.8901,-4.3721,-3.6867             ,242.38
-4.1757,-3.4585,-4.6199             ,242.38
-3.4513,-3.6654,-3.5538             ,242.38
-3.9271,-3.0496,-4.2571             ,242.38
-2.4965,-3.2939,-3.8876             ,242.38
-2.4495,-1.3625,-3.5401             ,242.38
1.352,-1.1697,-3.9693               ,242.38
-2.0409,0.4883,-3.478               ,242.38
0.27109,0.091245,-3.2328            ,242.38
-1.9875,-3.097,4.143                ,242.38
-1.5689,-3.5183,5.3959              ,242.38
-0.75067,-1.4955,2.6329             ,242.38
-0.26375,-1.8597,3.4972             ,242.38
-1.3512,-1.2763,2.8766              ,242.38
-2.1919,-1.9713,3.947               ,242.38
0.55626,-1.1202,1.6                 ,242.38
-0.17734,-1.2993,2.5715             ,242.38
-0.7316,-0.26839,-4.2127            ,242.38
-2.3118,-0.68705,-3.5732            ,242.38
-0.37141,-0.03684,-4.1557           ,242.38
-2.7525,-0.95741,-3.201             ,242.38
-2.0061,-0.68114,-4.3434            ,242.38
-2.0491,-0.39514,-3.3467            ,242.38
-2.236,-0.25059,-4.0692             ,242.38
-2.1137,-0.0072764,-3.4916          ,242.38
4.3911,1.5802,0.021467              ,244.95
0.057298,2.4479,0.86208             ,244.95
4.2477,-0.21415,0.47659             ,244.95
-0.52174,-0.7932,1.1411             ,244.95
2.1207,-3.4253,1.7508               ,244.95
4.2095,-3.2421,2.9813               ,244.95
0.75081,-1.6831,0.66542             ,244.95
4.7596,-1.2189,1.5374               ,244.95
0.33424,1.7083,-0.61188             ,244.95
3.0699,1.5909,0.1485                ,244.95
0.97152,-4.3787,-1.3762             ,244.95
2.5119,-4.3522,0.56646              ,244.95
-0.43312,-2.5133,-1.101             ,244.95
0.29348,-2.2706,-0.92367            ,244.95
-0.58683,1.8459,-1.1749             ,244.95
1.0784,1.0495,-0.90465              ,244.95
3.4202,-0.34865,0.036313            ,244.95
0.7758,0.42479,0.16097              ,244.95
2.0844,-0.92724,-1.2214             ,244.95
-0.34789,-1.6459,-1.3153            ,244.95
1.1444,3.2546,3.9611                ,246.22
1.4027,0.87423,4.3227               ,246.22
-3.4867,1.3427,3.6418               ,246.22
-2.1551,0.18833,3.8276              ,246.22
3.978,-4.0176,2.0187                ,246.22
0.6038,0.41229,-0.094465            ,246.22
4.0321,0.76409,0.92491              ,246.22
2.7492,-4.9702,-1.0449              ,246.22
-0.55959,-0.06886,-1.2868           ,246.22
1.9251,-0.38706,-0.8521             ,246.22
-0.19176,0.70845,-3.2465            ,246.22
-0.14969,-0.4313,-4.3585            ,246.22
-2.9661,-1.0328,-3.0928             ,246.22
-2.5369,-0.51674,-3.6863            ,246.22
-2.3281,-1.2515,-3.449              ,246.22
-2.7947,-1.9194,-3.8647             ,246.22
-2.103,-0.93203,-3.2629             ,246.22
-2.5797,-1.5603,-3.7409             ,246.22
1.6952,-2.5254,-2.2163              ,246.22
3.7302,-1.9822,-1.4806              ,246.22
1.6189,-3.7651,2.4619               ,246.22
2.9456,-3.3526,3.2181               ,246.22
-1.1209,-2.9429,4.0219              ,246.22
0.21301,-3.2099,5.4626              ,246.22
-0.98711,-2.5968,4.2364             ,246.22
0.20721,-2.6182,5.0644              ,246.22
2.5225,3.0058,3.8124                ,247.49
0.83469,3.3759,3.938                ,247.49
2.5489,1.3,4.2171                   ,247.49
-2.9242,1.5233,3.7872               ,247.49
1.6754,0.59236,4.3338               ,247.49
-3.2849,0.86538,3.8151              ,247.49
-1.5694,-0.12459,4.0331             ,247.49
-2.3413,0.19371,3.7576              ,247.49
3.8305,-4.0851,2.1421               ,247.49
4.4123,-4.1616,2.455                ,247.49
1.1166,-0.28016,0.44401             ,247.49
4.7467,0.46751,1.29                 ,247.49
0.76745,0.56925,-0.12396            ,247.49
4.0328,0.86178,0.80222              ,247.49
2.4498,-5.0065,-1.4483              ,247.49
2.9921,-5.0378,-0.87212             ,247.49
0.010811,-0.71543,-0.7956           ,247.49
2.7741,-0.58732,-1.4251             ,247.49
-0.3781,0.31306,-1.2142             ,247.49
1.7981,-0.10192,-1.0676             ,247.49
0.8696,0.85388,-3.3554              ,247.49
-0.74308,0.76592,-3.3486            ,247.49
0.55242,-0.3127,-4.0149             ,247.49
-2.4311,-0.82953,-2.8715            ,247.49
-0.043424,-0.74525,-4.4941          ,247.49
-2.7642,-0.70445,-3.0878            ,247.49
-2.1607,-0.67676,-4.0011            ,247.49
-2.5969,-0.49568,-3.5881            ,247.49
3.6662,2.0145,0.12356               ,247.49
0.059514,3.0823,0.30998             ,247.49
4.8415,1.252,-0.42373               ,247.49
-0.53956,2.349,0.32865              ,247.49
5.2619,0.25799,0.065282             ,247.49
-0.97714,-0.43838,1.0492            ,247.49
-5.3858,0.043253,-2.7385            ,247.49
1.1683,0.57275,-2.1442              ,247.49
-3.1871,0.83377,-2.8296             ,247.49
3.957,-3.4669,-2.0411               ,247.49
4.9293,-3.0685,-0.95363             ,247.49
1.0177,-1.0067,-2.8412              ,247.49
2.9123,-0.68782,-2.3003             ,247.49
0.45811,0.95839,-2.9802             ,247.49
2.1636,0.93434,-2.1074              ,247.49
2.8484,-4.7967,2.806                ,247.49
3.8878,-4.3502,4.0383               ,247.49
1.1195,-1.8792,2.0657               ,247.49
1.1388,-2.0142,2.0222               ,247.49
0.47301,0.7853,1.3232               ,247.49
1.4004,0.011129,1.6627              ,247.49
-4.5266,-2.0232,4.145               ,247.49
0.55965,-0.31743,1.6111             ,247.49
-1.0292,-0.67914,2.5669             ,247.49
3.5729,-0.022089,0.99993            ,247.49
1.1748,0.22807,1.1219               ,247.49
3.8275,-0.62357,-0.033738           ,247.49
0.69033,0.085477,-0.358             ,247.49
2.9855,-0.56936,-1.101              ,247.49
-0.28151,-1.7235,-1.2136            ,247.49
3.3859,2.4676,3.4363                ,248.75
-1.2081,2.9528,3.6248               ,248.75
0.22117,-0.18145,3.9423             ,248.75
-2.7494,0.49148,3.5057              ,248.75
-2.5116,0.70183,-2.2845             ,248.75
-5.4841,-0.35017,-3.4274            ,248.75
2.7441,-3.1207,-2.2363              ,248.75
4.8122,-2.4896,-1.1064              ,248.75
1.5148,-2.2745,-2.1266              ,248.75
3.9466,-1.5218,-1.643               ,248.75
2.4894,-4.473,2.6683                ,248.75
4.8395,-3.3357,3.6662               ,248.75
1.5806,-3.4222,2.9909               ,248.75
1.8134,-2.6867,3.3104               ,248.75
-1.0705,-1.0347,3.3965              ,248.75
-1.2117,-1.8674,4.739               ,248.75
1.3183,0.10897,-3.9627              ,248.75
-1.8927,-0.09893,-3.3889            ,248.75
-1.2528,-1.1098,-4.4174             ,248.75
-2.6846,-0.74976,-3.3812            ,248.75
-5.4883,0.13967,-2.8974             ,248.75
-6.21,-0.36678,-3.1778              ,248.75
0.59563,0.4616,-1.778               ,248.75
-3.3753,0.69387,-3.14               ,248.75
1.3038,0.64995,-2.0215              ,248.75
-3.3883,1.0532,-2.8005              ,248.75
-4.1341,-1.8365,3.9937              ,248.75
-4.7893,-2.5713,4.6124              ,248.75
0.7205,-0.22785,2.3944              ,248.75
-0.58568,-0.94047,3.1414            ,248.75
0.6489,-0.34238,1.6269              ,248.75
-0.78411,-0.56207,2.5789            ,248.75
1.8931,2.7043,-0.17163              ,250   
5.4152,0.99618,-0.31623             ,250   
-1.514,1.2143,0.84676               ,250   
-2.4345,-2.5054,-3.7522             ,250   
-1.2988,0.70346,-3.4061             ,250   
-2.3703,0.43211,-4.0348             ,250   
-2.7703,-4.1726,5.5874              ,250   
-1.3194,-0.47934,2.7308             ,250   
-0.6037,-0.49395,3.991              ,250   
1.8702,0.34769,1.3668               ,250   
3.5486,-0.36086,-0.23305            ,250   
-0.48884,-0.46165,-0.58072          ,250   
4.7675,2.8514,3.3484                ,251.25
1.2339,4.1905,3.803                 ,251.25
4.0015,1.7584,3.5421                ,251.25
-2.3778,2.7787,3.7607               ,251.25
1.83,0.20915,4.0585                 ,251.25
-3.4423,0.44053,3.8492              ,251.25
-0.31237,-0.62363,4.0658            ,251.25
-2.1797,-0.53192,3.6613             ,251.25
2.3895,0.6386,-3.1202               ,251.25
-0.15922,0.93913,-3.0635            ,251.25
2.1563,0.010803,-3.5876             ,251.25
-2.122,-0.14949,-3.2688             ,251.25
-0.15342,-0.90086,-4.1883           ,251.25
-2.6625,-0.97563,-3.5266            ,251.25
-1.501,-1.208,-4.0938               ,251.25
-2.6258,-1.0732,-3.4006             ,251.25
2.2175,2.5049,-0.44882              ,251.25
0.96735,2.573,-0.4103               ,251.25
5.4302,0.75854,-0.092677            ,251.25
-1.1884,1.5686,0.55886              ,251.25
5.8297,0.68463,-0.36264             ,251.25
-1.5861,0.71872,0.81411             ,251.25
-4.3234,0.51863,-2.8642             ,251.25
-6.9991,-1.0963,-4.1054             ,251.25
-2.163,0.74687,-2.6137              ,251.25
-4.9848,-0.39328,-4.2138            ,251.25
1.1687,0.19829,-2.3869              ,251.25
-3.3312,0.63717,-2.7722             ,251.25
-2.2104,-2.1306,-3.8015             ,251.25
-2.3784,-2.5657,-3.8021             ,251.25
-2.3213,-1.9673,-3.9826             ,251.25
-2.7233,-2.442,-4.2096              ,251.25
-2.1454,-0.63107,-3.852             ,251.25
-2.3222,-1.1828,-4.6964             ,251.25
-1.2709,0.23236,-3.299              ,251.25
-2.0345,0.42569,-4.4686             ,251.25
-1.179,0.74328,-3.3301              ,251.25
-1.9265,0.98406,-3.9815             ,251.25
-1.4988,1.1155,-3.5056              ,251.25
-2.3095,1.4522,-3.8027              ,251.25
3.9714,-4.3889,2.3981               ,251.25
4.8072,-4.2625,3.1474               ,251.25
1.2481,-3.3378,2.0442               ,251.25
5.5469,-3.0197,2.9741               ,251.25
1.1823,-2.8167,1.6395               ,251.25
5.7033,-2.5486,2.6568               ,251.25
1.0784,-0.8107,0.6365               ,251.25
5.1882,-0.42887,1.3735              ,251.25
0.69613,0.64955,-0.3044             ,251.25
3.8306,0.87583,0.88196              ,251.25
2.3787,-5.1759,-1.8325              ,251.25
3.2797,-4.9793,-0.86871             ,251.25
-0.18872,-4.1567,-1.7438            ,251.25
1.0061,-4.0829,-0.55724             ,251.25
-0.34497,-3.6522,-1.616             ,251.25
0.040968,-3.7954,-0.9425            ,251.25
-0.17611,-1.6755,-1.3229            ,251.25
1.9785,-1.4062,-1.6441              ,251.25
-0.45061,0.54288,-1.3651            ,251.25
1.1985,-0.049575,-1.2776            ,251.25
-2.8307,-4.1366,5.4933              ,251.25
-2.6415,-4.3391,5.9493              ,251.25
-1.2842,-3.5223,4.6635              ,251.25
-0.074906,-3.7977,6.1811            ,251.25
-1.0581,-2.297,3.7793               ,251.25
-5.2211,4.7413,-3.5667              ,251.25
-0.79195,-0.566,3.2176              ,251.25
-0.23573,-0.80747,4.3773            ,251.25
-0.82135,0.18676,2.6223             ,251.25
-0.50882,-0.16918,3.8212            ,251.25
-0.91642,0.87638,2.3193             ,251.25
0.069788,0.37601,3.1019             ,251.25
-2.733,-1.4889,3.7593               ,251.25
-2.765,-2.4687,5.2983               ,251.25
-1.0964,-0.96196,3.0455             ,251.25
-1.0893,-1.7097,4.4546              ,251.25
0.062472,0.22771,1.4763             ,251.25
-0.77011,-0.65515,2.1876            ,251.25
2.2772,0.17804,1.424                ,251.25
1.2036,0.33801,1.6095               ,251.25
4.295,-0.58835,0.38845              ,251.25
0.21707,-0.35078,-0.17153           ,251.25
3.7887,-0.66512,-0.056317           ,251.25
-0.33927,-0.80642,-0.78712          ,251.25
-6.2607,0.17271,-3.3303             ,252.49
-7.8965,-0.98001,-3.8654            ,252.49
-0.89448,0.58216,-2.4245            ,252.49
-4.4642,0.087007,-4.0823            ,252.49
0.7702,0.52065,-2.6677              ,252.49
-3.8495,0.8284,-3.4453              ,252.49
-4.7405,-1.891,4.2948               ,252.49
-5.5597,-2.7667,5.3025              ,252.49
-0.38071,-0.80458,2.6848            ,252.49
-1.0925,-1.2218,3.6929              ,252.49
0.13929,-0.30615,1.6021             ,252.49
-1.1405,-0.60536,2.6407             ,252.49
1.9056,2.3404,-0.84417              ,254.95
-0.49859,2.2298,-0.91619            ,254.95
5.0418,0.96476,-0.91509             ,254.95
-1.4099,1.9834,-0.31766             ,254.95
5.7615,0.42055,-0.80326             ,254.95
-1.8341,0.1218,0.38315              ,254.95
-1.7107,-2.4391,-4.4313             ,254.95
-1.8438,-2.9238,-3.9132             ,254.95
-2.1626,-0.41159,-3.8762            ,254.95
-2.1789,-0.37081,-5.0283            ,254.95
-1.6791,0.58139,-3.9727             ,254.95
-2.3402,1.0127,-4.4432              ,254.95
-1.9669,-4.3683,5.6927              ,254.95
-2.0245,-4.6504,6.7768              ,254.95
-0.96877,-1.3219,3.8134             ,254.95
-0.36786,-1.6027,4.5992             ,254.95
-1.3756,0.39473,2.9295              ,254.95
-0.33521,-0.32782,3.7596            ,254.95
2.3145,0.025365,1.7474              ,254.95
0.47105,0.29008,2.1189              ,254.95
4.0502,-0.39269,0.80631             ,254.95
0.22298,0.099136,0.55227            ,254.95
3.5375,-0.51509,-0.4337             ,254.95
-0.34862,-1.4527,-0.56477           ,254.95
2.9558,1.8696,-0.81129              ,256.17
-1.4645,2.1519,-0.92448             ,256.17
3.9681,1.4142,-1.3487               ,256.17
-1.0386,2.3669,-0.87104             ,256.17
5.8159,-0.18712,-0.78831            ,256.17
-0.71569,-1.1245,0.35553            ,256.17
6.1545,-3.969,-2.2944               ,256.17
8.2448,-2.9406,-0.83309             ,256.17
2.2548,-1.8894,-2.9591              ,256.17
5.5342,-0.85935,-1.7604             ,256.17
0.36218,2.0692,-2.9424              ,256.17
3.2002,1.546,-2.1678                ,256.17
4.7229,-5.0021,2.9061               ,256.17
6.9267,-4.4226,4.3969               ,256.17
2.0842,-2.9189,2.5214               ,256.17
1.5944,-2.495,2.7617                ,256.17
0.28442,1.7852,1.4674               ,256.17
2.3655,0.78265,1.6297               ,256.17
3.1742,-0.31397,1.9587              ,256.17
0.81458,0.22752,2.1669              ,256.17
3.3568,-0.49881,1.206               ,256.17
0.52398,0.22459,1.2045              ,256.17
3.0505,-0.77039,-0.13866            ,256.17
-0.16982,-2.0574,-0.45358           ,256.17
6.8081,4.6957,3.2219                ,257.39
7.6212,2.7122,2.3722                ,257.39
2.1901,5.1013,3.6263                ,257.39
7.2473,1.9464,2.1517                ,257.39
0.62513,4.5533,3.7709               ,257.39
5.6273,1.1168,2.9077                ,257.39
-2.6075,1.5842,3.9559               ,257.39
3.3759,-0.47047,3.2818              ,257.39
-1.9512,-0.65328,3.6837             ,257.39
2.262,-1.1404,3.4584                ,257.39
-1.5218,-1.1621,3.7454              ,257.39
9.0193,-4.0912,-2.055               ,257.39
0.86143,0.53519,-3.1361             ,257.39
4.3608,1,-2.0154                    ,257.39
6.5295,-5.3971,2.8844               ,257.39
0.54344,-0.18259,2.1443             ,257.39
2.098,-0.36416,2.176                ,257.39
4.6643,2.0961,-2.0493               ,257.39
5.0267,0.59091,-2.3407              ,257.39
0.99806,1.8212,-2.7727              ,257.39
4.8375,0.13409,-2.8682              ,257.39
-0.27975,1.0152,-3.42               ,257.39
3.0587,-0.51272,-3.4435             ,257.39
-2.5142,-1.0173,-3.3393             ,257.39
1.0103,-1.5555,-4.0192              ,257.39
-2.1528,-2.0209,-3.56               ,257.39
0.50624,-2.0429,-3.9483             ,257.39
-2.0337,-1.9573,-3.3921             ,257.39
8.0511,4.3706,3.0807                ,258.6 
6.3242,5.3542,3.407                 ,258.6 
6.7706,1.2288,2.6522                ,258.6 
-1.4442,2.4041,4.1816               ,258.6 
5.6894,0.69942,2.8178               ,258.6 
-2.5217,0.73478,4.0561              ,258.6 
9.2336,-4.5047,-2.1626              ,258.6 
10.186,-4.1782,-1.5914              ,258.6 
1.7196,-0.41698,-2.9014             ,258.6 
5.0995,0.53895,-1.9513              ,258.6 
1.1829,0.69917,-3.1602              ,258.6 
4.5376,0.83926,-1.9722              ,258.6 
6.7756,-5.6206,2.9129               ,258.6 
7.4807,-5.3969,3.3037               ,258.6 
1.4308,-1.1353,2.5044               ,258.6 
2.6479,-0.76477,2.2254              ,258.6 
0.72896,0.24429,1.8889              ,258.6 
1.8956,-0.25299,2.2513              ,258.6 
6.031,1.6815,-1.8187                ,258.6 
4.2835,2.4431,-2.1239               ,258.6 
4.4087,-0.46178,-2.9237             ,258.6 
-1.4593,-0.00035698,-3.3983         ,258.6 
3.1931,-0.87775,-3.4761             ,258.6 
-2.2732,-1.0271,-3.4136             ,258.6 
-7.7364,0.13923,-3.8812             ,258.6 
-9.5622,-1.7857,-4.9471             ,258.6 
-2.7726,0.754,-3.3863               ,258.6 
-5.7702,-0.5656,-5.809              ,258.6 
0.38908,0.3713,-3.0995              ,258.6 
-4.6047,0.92686,-4.2772             ,258.6 
-5.3662,-2.0815,4.6744              ,258.6 
-6.202,-3.3318,6.587                ,258.6 
-1.6664,-0.89682,2.9303             ,258.6 
-1.3842,-1.8296,4.8052              ,258.6 
-0.090784,-0.20399,2.1117           ,258.6 
-1.1256,-0.57438,3.2841             ,258.6 
-2.0024,-1.9196,-5.0095             ,259.81
-1.3939,-2.4231,-5.1275             ,259.81
-0.43052,-3.5954,5.5474             ,259.81
2.1623,-3.4768,6.5605               ,259.81
0.62269,2.1392,-1.5934              ,261.01
-2.8086,1.689,-1.9995               ,261.01
3.9862,1.1868,-1.7104               ,261.01
-1.6458,1.933,-1.8032               ,261.01
6.4697,0.25943,-1.3883              ,261.01
-1.5921,-0.49086,-0.34926           ,261.01
-0.80987,-2.989,-5.2813             ,261.01
-0.46813,-3.1525,-4.6518            ,261.01
-2.3917,-0.6087,-5.1909             ,261.01
-1.6643,-0.88138,-6.0081            ,261.01
-1.8912,0.8582,-4.4062              ,261.01
-1.6989,1.3098,-4.9161              ,261.01
-0.83811,-4.4654,5.9762             ,261.01
-0.02397,-4.8303,7.6987             ,261.01
-0.8566,-1.9818,4.6035              ,261.01
0.43183,-2.1291,5.0371              ,261.01
-0.60691,0.56167,3.1768             ,261.01
0.42134,-0.1788,3.9525              ,261.01
1.6582,-0.12885,2.424               ,261.01
-0.59512,-0.085268,3.2166           ,261.01
3.5831,-0.52412,1.2694              ,261.01
0.31586,-0.11457,1.3185             ,261.01
3.9862,-0.61543,0.1597              ,261.01
-0.14093,-1.8324,0.00015803         ,261.01
10.353,3.676,2.1977                 ,262.2 
6.3441,6.0134,3.2738                ,262.2 
8.3248,1.4769,1.6376                ,262.2 
-0.2083,4.0627,3.9774               ,262.2 
6.2267,0.28221,2.4504               ,262.2 
-2.3886,-0.38519,3.9347             ,262.2 
-7.0324,0.48965,-4.063              ,262.2 
-9.7756,-2.6515,-6.2268             ,262.2 
-5.8612,0.74579,-3.6554             ,262.2 
-8.4701,-1.9863,-6.2221             ,262.2 
-1.5064,-2.366,-5.461               ,262.2 
-0.92102,-2.8488,-5.0995            ,262.2 
-2.0594,-1.7852,-5.2989             ,262.2 
-1.2216,-2.0766,-5.3272             ,262.2 
10.699,-4.9257,-2.5847              ,262.2 
12.273,-3.701,-1.3149               ,262.2 
6.0072,-3.8762,-2.9852              ,262.2 
10.069,-2.4759,-1.0471              ,262.2 
4.7338,-3.3627,-3.1629              ,262.2 
9.2488,-2.0581,-1.208               ,262.2 
2.3233,-0.97137,-3.116              ,262.2 
5.9353,-0.065287,-2.0943            ,262.2 
1.2432,1.0733,-3.5905               ,262.2 
4.9496,0.6972,-2.137                ,262.2 
7.9151,-5.9031,2.6008               ,262.2 
9.5587,-5.1509,3.4689               ,262.2 
5.1693,-5.0121,3.0663               ,262.2 
-14.401,2.9791,-2.9536              ,262.2 
4.3127,-4.5952,3.3099               ,262.2 
4.8057,-3.5987,3.3016               ,262.2 
2.0749,-2.0632,2.5772               ,262.2 
2.7449,-1.6372,2.2368               ,262.2 
0.79693,0.6547,1.4776               ,262.2 
2.0419,0.085049,2.0653              ,262.2 
-1.1515,-2.5829,6.5237              ,262.2 
13.69,0.18456,0.14965               ,262.2 
-0.37121,-3.261,6.012               ,262.2 
1.4506,-3.0843,6.5162               ,262.2 
-4.7187,-1.651,5.0689               ,262.2 
-3.3683,-3.3276,7.2273              ,262.2 
-3.5722,-1.4283,4.9361              ,262.2 
-2.1297,-2.7807,6.7289              ,262.2 
7.6187,1.4385,-1.2237               ,262.2 
4.6483,3.1505,-1.9098               ,262.2 
5.8274,0.13436,-2.1647              ,262.2 
-0.65952,1.2005,-3.4679             ,262.2 
3.6611,-0.95487,-3.2085             ,262.2 
-1.8464,-1.7607,-3.552              ,262.2 
11.194,1.4977,0.90439               ,265.75
3.9327,6.2683,3.4929                ,265.75
6.3503,-0.92716,2.4043              ,265.75
-0.060871,-2.5806,3.678             ,265.75
-4.2705,1.8664,-2.4095              ,265.75
5.1671,0.6953,-1.9519               ,265.75
-2.6618,1.2837,-1.4974              ,265.75
-12.058,-1.7391,-5.7877             ,265.75
-2.2566,0.74389,-3.5844             ,265.75
-6.2553,0.80572,-6.1202             ,265.75
-10.769,-3.5962,7.1837              ,265.75
-1.9758,-0.15278,3.2219             ,265.75
-2.536,-0.69964,5.5543              ,265.75
-2.591,-0.37134,3.6924              ,265.75
3.4683,-0.4919,1.3677               ,265.75
-0.78371,-0.51177,1.3024            ,265.75
8.2216,0.043622,-1.1665             ,265.75
2.4537,3.0508,-2.4631               ,265.75
3.1468,-1.8908,-3.0802              ,265.75
-0.94676,-3.1418,-3.3273            ,265.75
-4.1015,2.1206,-2.5637              ,266.93
-5.4134,1.5353,-2.7947              ,266.93
0.39085,2.0359,-1.9672              ,266.93
-4.4105,1.0761,-3.0708              ,266.93
4.5598,0.86069,-1.771               ,266.93
-2.5354,1.7862,-2.0252              ,266.93
5.6719,0.60942,-1.9975              ,266.93
-2.6799,1.0777,-1.5038              ,266.93
-12.146,-1.099,-5.6959              ,266.93
-12.38,1.413,6.1856                 ,266.93
-9.9957,0.061217,-5.0228            ,266.93
7.7102,-1.2641,2.9947               ,266.93
-5.9631,0.89644,-4.2133             ,266.93
-8.3235,-1.8136,-7.2847             ,266.93
-3.2125,0.77216,-3.2491             ,266.93
-6.6093,0.56299,-6.4756             ,266.93
-2.055,0.77408,-3.7592              ,266.93
-6.0187,1.0612,-6.1058              ,266.93
-1.6978,0.21483,-3.7576             ,266.93
-5.997,1.5012,-5.4576               ,266.93
-10.732,-3.0819,7.0454              ,266.93
-11.236,-4.1137,7.8584              ,266.93
-7.1439,-2.2389,5.8957              ,266.93
-6.7143,-4.3176,8.5522              ,266.93
-3.9997,-1.2071,4.6122              ,266.93
0.043663,2.7543,-5.58               ,266.93
-2.2555,-0.32874,3.7035             ,266.93
-1.9416,-1.1557,6.0537              ,266.93
-1.8435,-0.22442,3.1414             ,266.93
-2.0175,-0.37711,5.1607             ,266.93
-1.4034,0.0085692,2.7963            ,266.93
-1.6957,-0.0011783,4.1254           ,266.93
-2.439,-0.25457,3.6413              ,266.93
-3.5528,-0.70501,4.1859             ,266.93
1.5574,-0.21763,3.2427              ,266.93
-0.62214,-0.21138,4.0283            ,266.93
4.0002,-0.68877,1.8087              ,266.93
-0.29557,-0.17743,2.0235            ,266.93
4.0567,-0.43853,1.275               ,266.93
-0.50839,-0.29725,1.2033            ,266.93
12.594,2.8307,0.97875               ,268.1 
6.807,6.9631,3.106                  ,268.1 
11.441,1.0704,0.21712               ,268.1 
2.7883,5.7191,3.5108                ,268.1 
8.5611,0.17046,1.3423               ,268.1 
-0.48766,-1.8551,3.7024             ,268.1 
10.458,0.68546,-0.34799             ,268.1 
5.3026,3.9389,-1.6171               ,268.1 
8.3328,-0.34886,-1.0308             ,268.1 
1.5665,2.2558,-3.1638               ,268.1 
5.1015,-1.2173,-2.5443              ,268.1 
-0.83602,-2.9184,-3.5132            ,268.1 
-2.4143,2.1124,-2.478               ,269.26
-6.6243,0.36835,-3.7968             ,269.26
1.1985,1.9116,-2.4377               ,269.26
-4.2387,1.0187,-3.4775              ,269.26
5.7754,0.073426,-2.3767             ,269.26
-2.217,-0.68523,-1.5827             ,269.26
1.2087,-3.5767,-6.4031              ,269.26
2.373,-3.3726,-5.4127               ,269.26
-1.5675,-1.5359,-6.062              ,269.26
-0.11144,-1.4635,-6.191             ,269.26
-2.9614,1.5231,-4.9031              ,269.26
-1.1946,1.7184,-5.6411              ,269.26
1.6405,-5.3475,7.0643               ,269.26
-14.799,-0.19675,7.7426             ,269.26
-0.10236,-2.6471,6.1762             ,269.26
1.346,-2.5294,6.7246                ,269.26
-1.1824,1.4825,3.9139               ,269.26
1.4077,0.7443,4.628                 ,269.26
-0.3177,0.12672,3.3353              ,269.26
-2.5428,-1.0337,4.9024              ,269.26
1.3554,-0.26846,2.6905              ,269.26
-0.7288,-0.29096,3.7029             ,269.26
3.2702,-0.73025,0.99465             ,269.26
-0.30387,-1.948,1.0089              ,269.26
-11.417,5.1973,1.6505               ,270.42
10.647,0.67733,0.33366              ,270.42
-0.50779,1.8905,4.0349              ,270.42
-5.896,2.1051,-3.1096               ,270.42
-8.0021,0.81134,-3.6406             ,270.42
3.1062,1.1737,-2.312                ,270.42
-3.5438,1.3117,-2.973               ,270.42
5.303,0.31794,-2.4119               ,270.42
-3.4522,0.22465,-2.0998             ,270.42
-11.052,2.2871,5.7624               ,270.42
-14.57,0.65507,5.8021               ,270.42
-5.3781,0.85373,-4.2329             ,270.42
-7.9148,-0.64493,-7.8624            ,270.42
-3.0509,0.20606,-3.9447             ,270.42
-6.7529,1.4125,-6.595               ,270.42
3.4947,-4.1952,-6.3928              ,270.42
-2.3593,0.61414,-5.6681             ,270.42
-0.40253,0.89642,-5.8873            ,270.42
1.0931,-5.8583,7.5896               ,270.42
-1.2325,-0.21568,4.9215             ,270.42
0.19834,-0.37017,5.9908             ,270.42
-10.923,-3.0658,7.095               ,270.42
11.82,-1.9466,-3.5496               ,270.42
-3.4095,-0.75122,4.4257             ,270.42
-2.43,-1.6772,6.399                 ,270.42
-2.4325,-0.23364,3.3011             ,270.42
-2.1727,-0.34365,5.3325             ,270.42
-3.3651,-0.24328,3.9343             ,270.42
-5.4861,-1.2245,5.0837              ,270.42
2.643,-0.3348,2.1267                ,270.42
-0.68963,-0.33044,2.6762            ,270.42
3.3282,-0.52951,1.4429              ,270.42
-0.67255,-1.3267,1.5579             ,270.42
10.403,3.0001,-0.7241               ,270.42
7.3037,-0.50709,-1.2654             ,270.42
-0.82231,-0.16092,-3.4582           ,270.42
-10.324,4.0502,0.37426              ,271.57
-12.441,6.1729,2.1421               ,271.57
11.304,0.55372,0.30028              ,271.57
0.56851,3.301,4.1222                ,271.57
10.777,0.7353,0.27565               ,271.57
-0.57433,0.47066,4.2855             ,271.57
3.8538,-4.0532,-6.7077              ,271.57
4.4132,-4.0411,-6.2836              ,271.57
-1.8768,-0.21206,-5.5511            ,271.57
0.032421,0.62124,-6.2496            ,271.57
-2.313,0.74463,-5.7134              ,271.57
-0.33865,1.403,-5.8394              ,271.57
1.6941,-5.8789,7.3976               ,271.57
2.0067,-5.7848,8.0587               ,271.57
-0.84196,-0.748,5.5269              ,271.57
1.0763,-0.80993,6.0763              ,271.57
-1.0063,0.1569,4.7411               ,271.57
0.67306,-0.40679,5.8                ,271.57
11.582,2.3037,-0.32536              ,271.57
9.4201,3.8751,-0.88445              ,271.57
8.5381,-0.5325,-0.69589             ,271.57
0.38122,0.82624,-3.3202             ,271.57
7.4934,-0.72995,-1.2326             ,271.57
-1.0106,-1.2916,-3.4783             ,271.57
-9.976,3.0765,-1.039                ,275   
-13.45,6.7274,2.194                 ,275   
12.438,0.67986,-0.8944              ,275   
1.8964,4.8399,3.6729                ,275   
11.415,0.69677,-0.34805             ,275   
-0.40167,-1.2746,4.0004             ,275   
-10.816,0.27809,-5.8568             ,275   
-16.033,-0.92141,4.4264             ,275   
5.6277,-4.5659,-7.5893              ,275   
6.8273,-3.8665,-6.4358              ,275   
1.5098,-3.8999,-7.5327              ,275   
3.8498,-2.8873,-6.6006              ,275   
0.73864,-3.1439,-7.2704             ,275   
3.0089,-2.7876,-6.6829              ,275   
-1.6781,-0.6329,-6.755              ,275   
0.25687,-0.42409,-6.6919            ,275   
-2.6135,0.79405,-5.9822             ,275   
0.15538,1.0949,-6.1901              ,275   
3.4459,-6.1678,7.8079               ,275   
4.5956,-5.8279,8.6825               ,275   
2.9135,-5.6274,7.902                ,275   
-22.363,-4.0547,7.209               ,275   
2.2342,-4.7864,7.5172               ,275   
-8.7765,-0.79758,6.74               ,275   
2.5966,0.78669,-6.1276              ,275   
1.0407,-1.8132,6.5492               ,275   
-1.2252,0.49663,4.9276              ,275   
1.0566,-0.36095,5.9209              ,275   
-7.3049,-2.0819,6.4917              ,275   
-3.4143,-4.3993,9.4861              ,275   
12.851,1.6622,0.44111               ,275   
8.7147,4.3127,-0.58347              ,275   
9.6188,-0.57698,0.1666              ,275   
1.3163,1.9379,-2.9974               ,275   
7.7936,-0.67825,-1.1305             ,275   
-0.22187,-2.6369,-3.5042            ,275   
14.321,2.0185,-0.33151              ,276.13
11.309,2.5953,-6.1821               ,276.13
13.79,1.0826,-0.88185               ,276.13
5.0807,7.1272,2.9166                ,276.13
11.456,0.09228,0.15268              ,276.13
1.728,-3.8897,3.6027                ,276.13
-9.0891,2.5812,-3.5295              ,276.13
-12.589,-0.27032,-4.8795            ,276.13
0.26166,1.7667,-3.1489              ,276.13
-5.617,0.65462,-5.0929              ,276.13
5.0587,-0.03284,-3.099              ,276.13
-4.0543,0.246,-3.3513               ,276.13
12.136,-0.96413,-6.0007             ,276.13
-16.477,-0.15715,3.8652             ,276.13
-7.7196,0.96573,-5.1768             ,276.13
-13.955,-0.39763,3.3252             ,276.13
-3.8496,0.029288,-4.6137            ,276.13
-7.7452,1.9077,-7.9357              ,276.13
-9.7735,0.3174,-5.1063              ,276.13
11.392,-2.6914,-5.015               ,276.13
-5.0984,-0.92522,5.0735             ,276.13
-17.269,2.7682,6.3866               ,276.13
-2.6471,-0.017753,3.7196            ,276.13
-2.001,-0.11834,6.1618              ,276.13
-5.7567,0.062523,4.5879             ,276.13
-8.2405,-2.3469,6.5937              ,276.13
0.37411,-0.10056,2.8242             ,276.13
-1.7025,-0.9698,4.1761              ,276.13
2.97,-0.78016,1.9055                ,276.13
-0.89277,-1.54,2.2916               ,276.13
12.656,0.25276,1.1927               ,276.13
6.0735,4.4254,-0.97989              ,276.13
11.017,-0.62443,0.69392             ,276.13
3.9078,4.0883,-1.7605               ,276.13
6.9904,-1.2893,-1.5069              ,276.13
0.49834,-4.3423,-2.9694             ,276.13
-12.618,0.23538,-4.6276             ,277.26
-15.621,-4.9418,-9.4072             ,277.26
-9.6328,0.82605,-3.95               ,277.26
-15.917,-1.0432,3.1487              ,277.26
-6.9274,-0.36303,-5.9402            ,277.26
17.385,-3.1112,-1.499               ,277.26
-6.8375,-1.6124,6.8625              ,277.26
-18.167,2.0084,8.5949               ,277.26
-7.8664,3.0456,-3.4657              ,279.51
-13.308,-2.0266,-6.5981             ,279.51
-5.0447,2.906,-3.1621               ,279.51
-10.561,-1.4869,-6.2827             ,279.51
-5.1793,0.61059,4.4457              ,279.51
-5.7353,-2.4799,7.2715              ,279.51
-2.9028,0.27442,4.3589              ,279.51
-3.4128,-1.7546,6.7032              ,279.51
-12.599,2.3294,-2.5499              ,280.62
-14.545,7.4993,2.2223               ,280.62
14.102,0.14685,-2.2186              ,280.62
3.6711,6.4531,2.9391                ,280.62
13.645,0.7107,-1.5557               ,280.62
0.99245,-2.9476,3.0752              ,280.62
13.235,0.80005,1.2749               ,280.62
7.9345,4.7955,0.15471               ,280.62
11.008,-0.85548,0.90901             ,280.62
3.0159,3.0775,-2.2584               ,280.62
8.9239,-0.7987,-0.44931             ,280.62
0.89975,-3.9445,-3.1242             ,280.62
3.6162,-0.18533,-6.0122             ,282.84
1.0806,0.77048,-3.3853              ,282.84
-6.8342,1.2359,-5.7471              ,282.84
7.4203,-2.6966,7.8668               ,282.84
0.25472,-0.042808,2.8861            ,282.84
-2.4578,-0.576,5.0271               ,282.84
5.4114,1.0416,-5.2923               ,283.95
-0.89923,-1.595,-7.1119             ,283.95
-15.122,3.5561,-4.3011              ,283.95
-20.235,-3.1458,-7.6285             ,283.95
-5.5453,2.73,-3.6112                ,283.95
-11.03,-1.3098,-7.5103              ,283.95
-0.16728,1.1504,-2.9962             ,283.95
-7.1025,0.99933,-6.36               ,283.95
1.8007,0.39398,-3.5184              ,283.95
-7.3259,1.5163,-5.7006              ,283.95
2.7729,-0.34387,-3.7441             ,283.95
-6.3327,0.91032,-4.7954             ,283.95
12.655,2.4237,5.3709                ,283.95
-18.395,-5.7105,-9.5069             ,283.95
-6.4154,2.0863,7.493                ,283.95
-12.538,-3.6295,-11.457             ,283.95
-6.8945,0.034701,-5.5107            ,283.95
-14.207,0.6282,3.5002               ,283.95
-11.062,-0.85967,1.6311             ,283.95
-11.4,-5.2571,7.4098                ,283.95
-7.5975,-1.3565,6.9207              ,283.95
-26.71,-2.0988,6.7349               ,283.95
-4.7336,0.28944,4.7237              ,283.95
-2.423,0.82865,7.3154               ,283.95
9.1643,-1.667,7.0751                ,283.95
4.3854,-4.0012,9.2027               ,283.95
-10.51,0.51477,5.3392               ,283.95
3.6242,-2.6901,-0.30608             ,283.95
-3.909,0.4162,4.003                 ,283.95
-3.6445,-1.7564,7.0423              ,283.95
-0.092242,-0.12513,3.3533           ,283.95
-2.7759,-1.0819,5.7855              ,283.95
0.6464,-0.47321,2.6981              ,283.95
-2.3605,-0.57531,4.6326             ,283.95
0.86578,-0.77521,2.4992             ,283.95
-2.3275,-1.3171,3.9194              ,283.95
-13.051,4.8569,-1.3137              ,285.04
13.956,0.51297,-2.5015              ,285.04
0.57638,2.1023,3.3475               ,285.04
5.0902,-4.2922,-9.8099              ,285.04
-8.1735,0.76281,-5.493              ,285.04
-10.008,0.6988,-10.747              ,285.04
-17.109,-3.3313,5.3568              ,285.04
-6.3587,-0.01601,5.4701             ,285.04
-3.7872,-0.69888,9.5308             ,285.04
11.446,3.3626,1.7649                ,285.04
10.254,-0.60674,1.2124              ,285.04
0.661,-0.13905,-2.5402              ,285.04
-14.569,4.1551,-2.0903              ,286.14
-13.541,6.0216,-0.43143             ,286.14
13.952,1.2644,-2.338                ,286.14
5.1079,7.4851,1.2271                ,286.14
13.851,0.38639,-2.6813              ,286.14
1.5226,3.7875,3.1647                ,286.14
14.314,0.77451,-2.6134              ,286.14
0.28384,0.53244,3.0569              ,286.14
5.5841,-3.2365,-9.268               ,286.14
-8.7604,0.96087,-5.5818             ,286.14
-10.33,-0.54605,-11.326             ,286.14
-7.732,0.64075,-5.5527              ,286.14
-9.6062,1.4269,-10.417              ,286.14
6.7744,-5.3376,11.058               ,286.14
-6.3354,-0.24284,6.2949             ,286.14
-3.1506,-1.3785,9.9404              ,286.14
-5.9692,0.08037,5.3869              ,286.14
-3.4766,-0.17398,9.2091             ,286.14
11.763,2.4876,1.9382                ,286.14
9.2766,3.3332,1.8969                ,286.14
12.841,-0.59955,2.8238              ,286.14
5.4588,4.7796,0.177                 ,286.14
11.33,-1.0216,1.8254                ,286.14
1.574,1.1695,-1.9689                ,286.14
10.616,-0.68176,1.0682              ,286.14
0.72342,-1.5748,-2.5101             ,286.14
5.0047,1.7838,-5.2754               ,287.23
-8.6153,-3.0284,-8.7346             ,287.23
-3.93,2.0127,-3.4417                ,287.23
-9.8628,-0.5803,-8.3102             ,287.23
0.83432,-0.12076,-3.7702            ,287.23
-8.3168,1.2068,-6.371               ,287.23
8.9969,-0.9218,6.6884               ,287.23
-2.6183,0.26242,3.7523              ,287.23
-3.7819,-1.3459,6.7054              ,287.23
-0.22363,-0.51708,3.037             ,287.23
-3.0021,-0.88287,5.2651             ,287.23
-18.946,3.0057,-3.6261              ,288.31
5.0362,7.0332,0.12787               ,288.31
13.827,0.32815,-3.1319              ,288.31
3.9878,6.8346,1.3557                ,288.31
15.706,1.3312,-2.9567               ,288.31
2.1315,-4.5669,3.127                ,288.31
12.52,0.1161,2.8328                 ,288.31
6.0029,4.5072,1.3348                ,288.31
11.856,-1.061,2.8742                ,288.31
4.1384,4.2313,-0.17103              ,288.31
10.009,-0.60206,0.67653             ,288.31
1.9145,-5.0274,-2.4762              ,288.31
-18.949,4.0948,-2.9443              ,289.4 
-15.144,6.3801,-0.51571             ,289.4 
13.991,0.20146,-3.7003              ,289.4 
1.9402,4.9934,2.3631                ,289.4 
14.84,1.0377,-3.332                 ,289.4 
0.27947,-1.5442,2.627               ,289.4 
6.0079,-2.7563,-9.0895              ,289.4 
14.747,2.4833,7.3541                ,289.4 
-14.399,0.36468,-8.3753             ,289.4 
-7.193,1.8173,5.5004                ,289.4 
-9.1213,-0.013385,-6.0499           ,289.4 
-10.211,2.0172,-11.261              ,289.4 
7.2177,-4.6129,10.39                ,289.4 
-9.8037,-1.754,3.8253               ,289.4 
-8.5478,-1.5286,3.7635              ,289.4 
-3.7297,-0.4345,-5.687              ,289.4 
-3.3625,-2.6326,10.736              ,289.4 
-6.5763,-0.098051,5.4632            ,289.4 
-3.014,0.021459,9.1619              ,289.4 
11.375,1.5516,2.8193                ,289.4 
6.8655,3.6808,2.3274                ,289.4 
11.464,-0.94562,2.6147              ,289.4 
1.5745,2.3425,-1.3374               ,289.4 
10.531,-0.59634,1.6423              ,289.4 
1.0614,-2.9548,-2.355               ,289.4 
-17.248,4.6776,-4.4323			    ,291.55
-10.177,-7.2741,4.9945              ,291.55
-12.346,1.5516,5.62                 ,291.55
-11.066,-5.1781,10.934              ,291.55
1.9312,2.8087,-5.2751               ,292.62
-14.762,-8.0615,4.9548              ,292.62
-8.8833,3.2608,-4.0563              ,292.62
-14.87,-2.6206,-11.511              ,292.62
-0.44702,-0.82602,-4.4779           ,292.62
-10.843,1.8223,-8.1092              ,292.62
7.0836,-0.13558,6.7108              ,292.62
-10.158,-11.32,1.271                ,292.62
-6.3293,1.0504,3.9112               ,292.62
-5.4755,-2.6881,8.6771              ,292.62
-1.5244,-1.0282,3.3849              ,292.62
-4.0526,-0.5895,6.4421              ,292.62
-13.247,-8.5587,4.0967              ,293.68
-15.164,4.8752,-3.9402              ,293.68
-9.1515,-6.8078,3.8228              ,293.68
-13.698,-7.8697,1.4114              ,293.68
-11.205,1.5595,5.6814               ,293.68
-8.6976,-4.6973,10.951              ,293.68
0.070341,4.7544,-2.2538             ,294.75
12.716,0.32236,-4.3621              ,294.75
1.4979,5.4932,0.5036                ,294.75
16.547,1.3202,-4.4549               ,294.75
0.68957,-2.7922,1.9484              ,294.75
8.8422,1.2555,3.7374                ,294.75
2.4833,3.0087,3.4177                ,294.75
10.415,-1.0926,2.9773               ,294.75
2.4952,2.4933,0.047261              ,294.75
11.176,-0.21698,2.0882              ,294.75
1.6073,-4.2927,-1.5333              ,294.75
-2.262,4.1395,-2.8312               ,297.91
7.9791,1.872,-3.6656                ,297.91
-0.87978,4.5623,-2.2436             ,297.91
7.8268,0.42329,4.1889               ,297.91
1.5547,2.9555,3.6333                ,297.91
9.016,-0.27997,4.4377               ,297.91
2.3204,3.2852,2.8589                ,297.91
9.3656,-4.5477,6.3138               ,300   
-14.781,-0.94531,6.3698             ,300   
-5.4276,-1.5677,-4.8287             ,300   
-6.7722,4.7913,5.7291               ,300   
2.8345,0.96659,7.1096               ,300   
-12.035,-3.7238,-4.3678             ,300   
-13.403,-2.5879,1.8626              ,300   
-5.3117,-1.5791,4.0116              ,300   
-6.3928,0.66995,8.5117              ,300	  
16.244,1.587,-5.2215                ,302.08
-0.061179,-3.6806,0.21712           ,302.08
