-1.571731
0.417780
-0.504241
-2.042430
0.602132
-0.081977
0.000109
-1.018698
0.753490
-0.084228
0.737873
-1.152307
1.996921
-0.449276
0.061121
-0.778903
-2.595087
2.677407
0.073208
-1.034704
-0.022344
-0.404853
0.331029
-0.787449
-0.650748
-0.647302
-1.092837
-0.945528
-0.113898
1.077935
-1.811121
0.685249
1.668149
-0.609183
0.518915
-0.205884
-2.623453
0.331927
-0.974676
-0.710678
-1.287127
0.061666
0.600251
-1.081810
-0.228794
-0.517897
0.713312
0.498611
-0.282849
0.265921
-0.622815
0.367843
-0.931665
0.604326
-0.389749
-0.046684
0.864729
0.031940
-0.460879
0.127169
0.258651
0.331483
-0.558257
-0.932003
0.949072
-0.402583
0.250482
-1.927392
0.103763
1.475849
-0.365848
-0.083147
0.832274
1.302914
0.122812
1.248067
-0.054617
-1.331760
-0.312514
0.280493
0.131345
-0.013417
-0.035767
0.572909
-0.115745
-2.119967
-0.160052
-0.563601
0.695409
-0.526244
-1.788087
-0.626597
0.022837
1.706390
0.284993
0.271399
0.647316
1.379520
2.226961
-0.384965
-1.829908
-0.082824
-0.214073
-0.376654
-1.775541
-1.486742
-0.370259
-1.024230
1.512719
1.461517
1.452728
0.810310
1.032834
1.406243
-1.696811
2.187795
-0.254844
-0.761475
-0.021661
0.111697
-0.413856
0.307074
-1.582797
-0.239603
1.119360
-0.361539
0.266532
-0.614762
-0.693899
-0.274871
1.584375
-0.079369
0.796948
-0.505859
-0.073026
-1.360972
0.299038
1.346042
-0.623598
1.132562
-0.145129
1.239001
-0.413185
0.920879
-0.965315
-0.744533
-0.201666
0.900088
0.067190
-0.452284
0.142289
-1.583025
-0.097549
0.489214
1.627920
-0.028213
-0.274275
0.610403
0.422647
1.760169
-0.460683
1.934241
0.075128
0.859541
-0.069402
-0.287546
-0.919298
-1.805854
0.348393
0.175121
1.643635
0.317615
-0.717514
0.373167
1.655169
-0.394687
-1.184687
0.117457
-1.281754
0.390797
-0.999066
-1.230544
-0.356132
0.299376
0.333672
-0.488620
-1.904322
0.467483
0.677413
0.963746
1.676332
1.005777
1.724457
-2.105269
-1.996132
-1.408426
-1.458537
0.726255
1.567226
-0.646001
0.086910
0.817072
-0.205574
-0.387817
-1.198986
0.427036
0.474320
-1.675777
-0.740601
0.361456
-0.116506
-0.162470
0.397342
-0.462169
0.223059
-0.366731
0.318314
0.622902
0.139819
0.900166
-2.330164
0.883516
0.584024
0.190791
-0.392589
1.044577
2.846745
0.365895
1.138064
-0.435779
-1.855447
0.353704
-0.413479
0.258068
-0.055861
-1.333741
0.158126
0.345778
-0.442855
0.521218
0.576807
-2.042520
-0.364644
-1.624198
0.608708
0.488215
-0.521961
-1.075267
1.390023
-1.155277
-0.378959
1.003326
-0.494258
1.778228
-0.601117
-0.054702
-1.233226
0.717632
-0.591282
-1.017212
-1.170625
-0.344606
-0.010519
0.923007
-0.812637
-1.136152
0.389451
-0.491880
0.994693
-0.060860
1.046548
0.549974
-0.551515
1.848977
-0.089244
-0.277757
-0.166004
1.496496
-0.057629
1.037854
0.151372
1.708293
-1.173047
0.311479
1.421921
0.528484
0.183677
0.336823
1.637278
-1.590294
0.167703
0.582772
0.786375
1.238241
-3.152405
1.049399
0.134667
-0.987969
1.929292
0.338130
0.678961
0.851095
-1.533773
-1.505411
0.859510
0.772868
0.591743
-0.315494
0.567497
0.110348
0.743017
-0.064781
1.158955
-0.543068
-1.242872
0.269123
-1.290356
-0.497875
0.548823
-0.857704
0.960461
-0.629834
-0.363701
-0.668852
-1.222752
-0.836106
-0.364274
-1.312416
2.209349
2.428025
-0.825059
0.001941
-0.616683
-1.101967
-1.888281
1.172822
0.297738
-0.133644
0.202076
-1.440616
-1.347237
-0.353283
0.862710
-0.892825
-0.219196
-0.387880
-1.574456
0.264059
0.881434
0.284216
-0.599652
-0.249268
1.045492
-0.638502
-0.282080
-0.583292
-2.615196
-0.381455
0.404231
-0.672995
0.138080
0.637247
0.463210
-1.228921
-1.306543
1.528799
-1.576841
0.364505
-0.558290
-1.796935
1.011447
-1.097975
0.759685
1.514437
-0.528611
0.492910
0.508479
-1.531283
-1.438424
0.034725
2.125439
-0.698285
-0.536000
-0.962688
0.731448
-2.109792
-0.408497
-0.364007
-0.078528
-2.104838
0.451601
-0.456980
1.743756
0.783044
0.947331
0.072157
0.173856
0.882033
0.019351
2.258693
0.584429
0.451896
0.791460
-0.554317
-0.396053
1.964364
0.567350
-0.336474
-0.175953
0.369689
-0.220786
-0.836681
-1.016949
0.009731
-0.007684
-0.212171
1.727366
-1.452821
-0.027989
0.244771
0.272503
-0.098827
1.277632
0.422704
1.014957
0.556180
0.843308
1.305837
0.212189
0.130378
0.389230
0.281104
-0.450997
-0.989877
-0.351583
-0.923867
-1.525864
1.213539
0.650289
-1.446210
0.296243
-0.235011
0.287565
1.414403
-1.100067
-0.896807
-0.778837
1.532356
1.129124
-0.741599
-0.173982
-0.007555
0.159592
0.802877
-0.311815
-1.076497
0.337423
0.900577
-0.733910
0.210614
0.084474
-1.954492
-0.579787
-0.547358
0.790431
-0.058197
0.748751
-0.102219
-2.224802
-0.683690
-0.987606
-0.267252
0.850984
0.637210
-1.695119
-0.787119
0.926076
-1.138059
1.347935
0.404237
-1.089144
-0.258202
0.974765
-0.511723
-0.503011
-0.657121
-1.503543
0.285519
0.687271
0.839453
1.315518
-0.734745
0.444301
-0.408103
-0.024476
-0.850262
0.312006
0.938224
0.441016
0.585596
1.013794
-0.293326
0.828566
-0.437931
0.121654
-0.009553
-0.453346
1.144822
-0.759274
-0.439223
0.016144
0.852499
-0.940140
-0.217260
-0.216691
0.494671
1.165122
1.986450
0.875566
1.213513
-0.728726
0.606784
-0.413987
0.957769
-0.626679
-0.228792
0.041399
0.344164
-1.451097
0.009069
-0.792040
0.921630
0.764172
-2.216354
-1.007842
2.215679
1.091973
0.038804
-1.578662
-0.767620
-0.063619
1.535491
-0.565191
0.455921
-1.270466
0.881781
-1.041240
-0.081761
0.057489
-0.105674
-0.901559
-1.564629
0.489735
0.350929
-0.098857
-1.551886
0.090119
-0.031093
1.088789
0.275625
-0.656931
0.893500
-2.318456
0.694375
0.851503
-0.227012
-1.471493
-0.150352
-2.027692
-1.126784
1.674239
-0.149827
-0.331091
0.718669
0.856885
-0.387664
0.059328
0.565596
0.821537
-2.590924
-0.226969
-1.165805
1.048038
0.518100
-0.921182
1.536902
-0.812502
1.754242
-0.097026
-0.205879
-0.875920
-0.310669
0.191561
-0.228703
0.948668
0.094588
-1.115443
-1.100604
-0.311632
0.180216
0.379202
-0.193884
-0.338577
-0.384059
1.796778
0.315412
-0.025633
0.055364
-0.923915
-1.411345
-0.347687
0.651457
-0.623760
0.105746
-0.163988
1.055351
0.933492
1.603408
-0.052095
-0.075698
-0.134029
0.908400
-1.244707
3.102659
-0.138120
0.608345
-0.895619
0.633880
2.504125
1.093876
-0.130505
-0.340913
-1.486919
-0.097980
0.229647
-0.020182
0.927038
-0.332118
-1.038974
-0.197935
0.333187
-2.729174
0.780182
-0.651187
-0.541217
0.063355
-0.146093
-0.839096
-0.336468
1.340132
0.578421
-0.142309
0.369519
0.726571
-0.201794
-0.203302
0.191544
-0.993575
1.188186
-0.150297
0.017528
0.748079
1.805851
0.152622
-2.082912
0.927244
0.375197
1.826736
-0.212703
0.427416
0.295294
-0.475867
1.128752
0.320072
1.862490
-1.666702
0.670361
-0.168289
0.977468
0.157568
-0.678875
-1.870270
0.153796
0.437476
-0.382956
1.052723
0.263328
1.093017
2.058043
-0.799121
-0.497109
-0.344950
-0.774937
0.828197
-0.645960
0.414583
-0.353974
-0.635521
-0.400452
0.139189
0.573447
0.522432
0.223527
-0.074043
0.066478
-0.497846
-0.230303
0.193100
0.431745
-0.533948
-1.474838
1.070555
1.132063
0.771696
-0.254220
-0.448503
1.168126
-1.423453
-0.516426
0.400691
0.174245
0.270965
1.452886
-1.063433
0.977861
-0.430278
-0.684026
0.286963
-0.248614
-0.136999
-1.126342
-0.656516
-1.116302
-0.274363
0.850596
0.806149
-0.176334
-1.114534
-0.076109
0.225031
-0.273614
-0.437173
0.016932
1.929573
0.534966
0.301352
0.565002
1.716610
-0.110939
0.810147
0.013518
3.119937
-0.032212
0.576708
-0.667408
-0.179485
0.185644
-0.566414
0.833565
-0.062304
-2.557988
-0.901887
-0.122418
0.972702
1.379808
0.287688
0.453000
0.223954
-1.649203
0.909437
0.992024
0.548895
0.090460
1.113293
-0.538943
-0.692995
0.054412
-0.233194
-0.638407
0.679500
-0.109946
0.667367
0.348898
-0.039300
-1.295381
1.566165
-0.007358
-0.001331
0.428552
-0.466823
-0.536635
-0.223596
-1.579536
0.077372
0.793208
0.164975
-0.924916
0.951944
-1.252755
1.472647
0.279526
-1.249612
-0.589929
0.519738
0.920790
-0.555717
-0.096642
-1.701447
-0.423160
0.630658
-0.337569
0.609530
-0.659507
-0.254796
0.460314
1.619421
1.158925
1.216015
0.146688
-0.499073
-1.648025
0.928844
-3.063812
-0.038278
-1.302504
-1.252069
-0.167910
0.069284
1.757308
1.878920
0.825443
-0.083080
-0.570570
0.314951
0.182984
-1.676263
-0.025463
0.195825
-1.851584
0.121440
-0.613568
-1.380130
-0.185598
0.191988
1.025476
0.033379
2.562921
0.715016
0.300457
1.721372
-1.251169
-1.202997
1.288186
2.260699
0.580903
0.307576
-1.629345
0.723156
-0.056686
1.195654
1.780016
1.896329
1.301393
1.056700
1.717505
-0.137954
-2.876020
-0.591478
2.704797
-1.113211
0.272462
1.562844
-0.439175
-1.846073
0.113399
1.007648
0.619076
-1.270745
-0.611676
0.617388
-1.438179
1.952592
0.797371
0.341157
0.258163
-0.239270
0.024512
-1.754719
1.416674
0.730742
-0.525352
-2.325180
-0.431291
0.052984
0.664890
-0.549927
0.470344
0.265115
0.729071
0.341640
-0.416691
-0.117574
-1.413810
1.253457
-1.405125
-0.825646
-0.982956
-1.633090
-0.539852
-0.955491
1.171211
0.115993
-0.958969
0.850943
-1.145460
0.283123
0.305668
-2.179839
-0.173746
1.026353
-0.192089
-1.058658
0.664392
-1.266307
-1.304317
-0.739211
-0.304323
1.730044
0.343896
0.260703
0.450705
0.831822
-1.382298
-0.621310
-0.154821
-0.634601
0.438984
-0.305225
0.236023
0.111261
0.450188
-0.556547
-0.819506
-1.992393
2.200971
0.164097
-0.725064
-1.128885
-1.421999
0.426905
0.056940
-0.413982
-0.276014
-0.110632
1.910790
-0.235707
-0.766542
0.282920
0.877267
1.884246
-1.468848
0.434450
1.036876
-0.343553
-0.807612
0.163667
-0.256052
0.013209
-1.083998
-0.860245
0.338697
0.644061
-0.138491
0.142834
-0.042830
-2.060591
-0.964194
-0.510126
1.836825
-1.044090
1.390454
0.677109
-0.025700
-0.615214
-1.557995
0.199151
-1.133785
-1.622969
-0.013000
0.769016
-0.540576
0.382227
0.167726
2.245563
1.173962
-1.178895
-0.130170
-0.296188
-0.686500
0.156879
0.476939
3.140051
0.330304
-0.989609
-0.378334
0.835874
-1.138456
-0.182439
0.784768
-0.151541
0.674334
-0.722125
-0.324593
-1.589673
0.195500
1.043555
0.270089
1.134734
-0.571041
0.019102
0.926128
-1.675300
0.152999
-1.336942
1.056589
0.219736
-0.299645
-0.654159
-0.187399
0.641108
2.506253
-1.436808
0.412750
0.085642
2.252443
0.749247
-0.957493
0.760080
-1.040343
0.849687
-1.790086
-0.414800
0.034612
1.076449
-1.288702
0.369174
0.132941
1.293884
-1.351129
-0.192909
-0.584134
-0.812482
-0.126723
-0.375489
0.086283
0.075551
-0.320923
-0.226294
0.370735
1.993844
-0.415508
1.394645
-0.485256
0.853099
0.880423
-1.130531
-0.875576
-0.784095
-0.586234
-0.221040
-2.296010
0.800357
-0.234186
-1.640793
0.866551
-0.570357
-1.488121
1.403367
1.478052
0.116186
-1.399614
0.014220
-0.060516
-1.502202
1.171169
-0.395902
0.738286
0.202023
0.839384
-0.447502
-1.145384
0.755267
-1.692987
-1.065936
-0.154734
-0.752465
-0.170412
0.773753
-1.458022
-0.254178
0.148474
0.986707
-0.604230
0.287199
0.614960
1.091841
0.979203
-0.028773
1.280064
1.254965
-0.840756
0.302587
0.793101
-0.049530
1.387116
0.279503
-1.417663
0.742029
0.455048
0.990007
-0.643683
0.668255
-0.888147
-0.433235
-0.194506
0.457237
-2.081904
-1.990104
1.245681
-0.227200
-0.905270
-0.093000
0.635532
-0.179739
0.220530
-1.135071
1.833891
0.769508
-1.587750
1.089020
-0.244394
-1.262931
-1.765711
-0.506762
0.494835
1.022837
1.274316
1.224413
0.571340
-0.060573
-0.625055
-0.716382
0.749603
-1.701451
-0.987848
0.292482
-1.056251
1.379302
0.368422
-0.415083
-2.140076
0.684550
-0.223637
1.909257
0.030660
0.485557
-0.936259
0.665314
2.506873
-1.394032
0.059313
-0.927331
0.564780
-0.246176
0.384159
-0.467630
-0.549499
-1.234656
2.184792
0.415271
-1.116989
-0.321486
0.003614
0.114399
0.758377
-0.960277
0.539627
-1.342268
0.398691
0.669217
-0.321638
1.273496
-1.165059
0.215291
-1.584272
-0.402601
0.632846
1.292291
-1.132040
0.287025
-0.111915
1.573220
-0.551219
-0.003268
-1.378075
2.307715
0.568625
-0.032088
-0.779782
0.209504
1.365618
0.443301
-0.383070
0.621901
1.698315
-0.957168
0.876523
0.110237
-1.171750
-0.174476
-1.269138
-2.066674
0.379139
0.462424
0.374294
0.281880
-0.136521
-0.430965
0.975064
1.530439
0.907175
2.169640
0.994634
-0.061203
-0.050245
0.011986
-1.545998
0.385662
-0.483670
0.141929
-0.070359
-0.902906
0.088540
1.600263
0.432793
-0.293328
0.562061
-0.140487
0.245887
-0.411565
2.141094
0.986737
0.381562
-0.790562
-1.040917
0.525595
-2.533414
-1.763902
-0.829981
-0.242485
-1.810192
-0.367370
-0.665231
1.127732
-0.187004
0.321572
0.369904
1.493190
1.605700
-0.316709
0.424620
-0.770866
0.180418
0.605742
-0.351231
1.202578
0.822029
0.753805
-0.460002
-0.602287
0.487451
-1.161444
-0.601776
0.412498
-0.089077
0.357493
-0.867096
-0.777449
1.250839
0.587247
-0.293353
-0.243248
1.155159
0.447072
1.051493
1.412258
0.165230
-1.286729
0.733191
-0.411795
-1.642282
-1.007856
0.316660
-1.502671
0.532977
0.747804
-0.533505
0.008901
-1.064762
0.110112
0.645762
-1.371814
0.617992
1.642694
1.809327
0.261028
0.663114
-0.762992
-0.713103
0.754065
0.230702
-1.844713
0.926259
-0.870460
0.162367
0.308469
-0.426394
-1.207027
0.843555
-0.845378
1.529754
-0.535406
-0.768129
-0.683085
-0.792441
-1.177154
1.575661
-0.381687
-1.876543
-1.054087
1.411867
-0.994368
1.982626
-0.709129
-0.897552
0.343672
-0.679227
-0.708063
0.989093
0.534652
-1.047333
0.374620
0.699990
-0.678175
0.916582
0.938018
-0.432215
-0.109237
0.415682
1.336993
0.082993
-1.263352
-1.635574
-0.147973
0.990319
0.591767
-0.616859
1.035076
1.208363
1.419794
-0.195505
-1.754350
-0.533674
-0.406130
1.225853
-1.200491
0.891537
-0.240751
-1.325863
0.680533
1.510607
1.195561
1.135513
-0.888688
0.393051
-1.488794
-0.379076
0.682042
-0.813419
-0.011293
-0.825131
0.147296
-0.183513
-0.129273
-0.177292
-0.372032
-1.120167
1.137176
-0.356179
-0.299219
0.185288
1.142979
0.718131
0.742297
-0.669033
0.094575
1.039824
0.445791
0.638305
-0.285277
-0.725565
-1.553921
1.273089
1.633452
-0.189884
-0.569682
0.170647
-0.072607
-0.584897
0.039686
0.309047
0.962345
-0.887461
-0.000545
0.802531
-0.992362
0.183968
0.299518
-0.289528
-0.146980
0.159010
-0.232741
-2.490688
0.112479
0.840253
0.087764
-0.394717
1.306763
0.485245
0.475894
-2.612680
-0.629489
0.169017
0.985044
-1.207772
-0.235267
0.897079
0.588151
-0.774963
0.300470
0.675566
-1.722868
0.832882
1.465971
0.285525
0.803084
1.032443
1.201621
0.371461
-1.090696
0.651841
-0.701851
0.263349
1.621990
-1.047775
-0.031198
1.288396
-0.532360
0.973033
-0.534599
-1.858605
1.379153
0.341182
0.098146
-1.924655
0.500824
0.251737
1.651286
0.422888
0.660659
-1.920094
0.157841
1.286535
-0.388721
-1.104354
-0.694381
-0.826636
-0.291285
3.246594
2.189245
-0.936043
-0.205673
-1.344107
0.836977
-1.053958
1.449411
0.880124
1.417212
-0.306326
0.777466
-0.106197
-1.677823
-0.165535
-0.209402
-0.156595
0.275136
0.249949
-0.498802
-0.241702
0.589017
0.805673
1.393446
-2.043268
-0.937763
-0.038517
1.052266
-0.789384
-0.679756
1.721467
-0.718344
-1.075127
-0.377314
-0.501745
0.102913
-0.501379
-0.732601
-0.327246
0.563035
-0.218490
0.283030
0.506318
0.279115
-0.436168
-0.201397
0.939473
-1.323393
-0.828783
2.500943
0.103176
0.387408
-0.482811
-1.320364
0.500475
-0.135662
0.439791
-0.695582
0.832871
-0.578485
-1.109596
1.300528
0.006058
1.842370
0.703048
-0.173098
-1.240793
-0.838307
2.600208
0.245504
0.161195
0.541523
0.594459
1.639756
-0.590782
-0.545511
0.374553
-0.543489
1.816748
-1.139989
1.147867
-1.702943
0.041285
-0.029078
1.201567
-0.436726
1.545647
-1.470740
-0.592323
-1.204647
-0.026803
0.689164
-1.225786
1.982356
0.722139
0.426062
-1.064736
-0.020889
-0.335869
-0.998438
1.870481
-1.093832
-1.206352
-1.454683
0.477438
0.395517
0.012757
0.588244
0.292252
0.728196
0.916385
-1.296086
2.200039
-0.601447
0.961926
0.730359
-2.172152
-0.350960
-0.349590
-1.062408
0.304127
-1.729330
-0.598896
-1.310110
2.365700
-1.267437
1.234140
1.105505
1.671041
1.707986
0.563156
-0.251183
-1.882960
0.169665
1.665005
-1.525188
-0.310696
0.400332
0.230678
-1.494374
-0.359152
-2.008645
-0.979477
1.544482
-0.293613
1.354898
0.597498
0.581097
-0.561552
0.917751
-0.641924
-0.363405
-1.114154
0.986336
-0.251494
1.247815
-0.699651
1.269995
-0.429850
-1.522072
0.044613
0.987983
0.800503
-1.083434
1.769146
0.986960
-1.361046
0.055020
0.338974
-1.141242
0.358376
0.632621
-0.330060
0.076255
0.432432
-1.109847
0.973408
1.011788
0.450873
-0.868978
0.857310
-2.069659
-0.204421
0.624389
-1.207057
1.813356
0.994905
0.579006
1.200315
2.151516
1.384555
-0.965035
1.729506
-0.011142
-0.608182
-0.376259
0.507948
-1.374292
0.137611
1.010393
0.207005
-0.103099
-0.195177
-0.135741
0.785293
1.816212
0.052184
-1.036318
0.036827
0.386237
0.946329
0.363460
1.455779
1.239575
0.135723
-0.640173
-1.790938
-1.781881
-1.227403
1.042830
-0.007117
-1.103017
1.040798
0.387025
-1.568859
1.635665
-1.317472
-0.770607
-1.564059
0.637052
-1.513512
0.169459
0.063953
0.640879
1.520890
1.989727
-1.090450
0.833790
-1.919636
1.431382
1.170215
-1.541424
-0.105926
-1.580220
-1.098810
0.083765
1.302622
-1.154152
0.135276
0.882302
1.813763
1.335664
0.575127
0.874143
-0.177813
-0.664826
-0.883333
0.530777
0.426445
-2.423893
0.151729
2.323588
1.381189
0.151876
-0.436935
2.342568
0.121734
1.174538
-0.771005
-0.657506
-0.479376
0.676856
0.235980
-0.655301
1.097130
-1.420035
1.265891
0.810681
-0.198688
0.749816
0.029968
-0.612913
0.918231
-0.733933
1.551167
-0.663726
1.306196
0.331657
-0.859240
0.022308
1.953347
0.693497
0.347134
-1.263820
0.780866
-0.226377
-0.369816
-0.185060
-0.462634
1.338468
-0.577978
0.110515
-0.769172
2.033671
1.153433
0.849683
1.538864
-1.587501
0.479589
1.119489
-0.422565
0.213521
-0.112682
1.927583
-0.743063
1.599413
-1.791041
0.024839
-1.723281
-0.733716
-0.253547
1.684801
0.999209
-1.196680
-1.455604
-1.747929
-0.438780
-0.553252
0.651233
1.081030
1.161505
0.170016
1.035674
-0.031344
0.064241
-0.707798
-0.103216
0.858943
-0.815350
0.008391
0.214565
-0.688914
-1.043754
-0.497310
-0.937589
0.103300
-0.921500
-1.757604
-0.046228
-0.915748
0.203429
-1.353435
-0.132800
1.016221
0.526678
0.010578
-1.406918
-0.436986
-1.304707
0.437795
0.004211
-0.822313
-0.346232
0.582645
-0.120270
0.577762
0.438396
0.053009
-0.165431
-1.169632
0.205307
-0.142726
-2.152737
-0.667103
-0.642454
-0.289795
0.011922
0.829690
-0.292256
2.677544
-0.408311
-0.691351
0.759262
-0.921069
-1.605954
-0.759634
1.991066
-0.053327
0.616339
1.395118
0.428315
0.438066
-0.150517
0.221187
-0.745677
0.878821
-0.175046
1.148510
0.511960
-0.362103
-0.382199
1.335855
0.465160
-1.856257
-2.051332
1.117345
0.057310
1.319886
0.692250
-0.884809
-1.129979
-1.197144
-1.118648
-1.241308
-1.685429
-0.503551
-0.102499
1.036321
-1.050714
-0.492817
-0.376802
0.418433
-0.384399
0.997538
0.110722
0.408674
-0.093548
0.023021
0.032454
1.144260
-0.624186
0.777735
-1.129202
0.243557
-0.661044
0.364130
-0.387340
-0.118710
-2.214243
0.120614
0.862029
0.174598
-0.284288
1.526756
1.625003
-1.387053
-0.742392
-1.022515
0.973256
-1.215414
1.683961
0.215674
1.249122
1.464562
1.430248
0.049418
-0.843896
-1.902313
-0.602871
1.367515
0.092824
-1.420399
-1.310138
-1.797351
0.548458
0.475222
-1.200002
-1.484781
0.893942
0.662086
-0.047995
-0.782149
0.958503
-0.082195
1.642168
1.340393
1.852747
2.565734
-1.437946
-0.600770
1.640133
0.661916
-1.580652
0.054456
-0.391017
0.262998
-0.867368
0.283259
-1.302425
0.747933
1.202873
0.149852
-0.788129
-2.723638
0.066802
-0.817125
0.609389
-0.460531
-1.804256
0.568833
0.238809
-0.348532
-0.392790
0.206386
1.612275
2.447293
1.473697
-2.032195
-0.532909
-0.274861
0.086583
1.651730
-0.455734
-1.460966
-0.645604
-0.130726
-0.667484
-1.347045
-0.570458
-1.793406
-1.888811
-0.767556
-0.666094
-1.530404
0.318868
-0.245026
-0.287480
-0.592653
-1.040417
1.093531
-0.841550
-1.757091
-0.691906
-1.078294
0.949245
-2.024925
-0.142295
-0.387243
1.282356
-0.758221
1.217141
0.132665
-0.811415
0.890857
-0.156415
0.039220
0.492926
-1.004907
-1.933157
-0.711730
-1.154517
-1.441099
-0.815444
1.505189
-1.551985
-1.410864
-1.122509
-0.292797
-0.647368
0.139783
-0.102563
-0.383873
1.950527
1.204048
-1.823660
-0.970720
0.353106
-1.997471
0.680299
-0.341858
-0.633616
-0.081963
0.065561
2.148437
-1.532248
1.030632
-0.386324
-0.041635
0.098441
0.729418
0.342847
1.017315
0.532811
0.945069
-0.351446
-0.584756
0.324988
0.877518
-0.304764
0.142546
1.511783
0.754484
-0.804355
-0.162381
0.703699
-1.341642
0.091822
0.868209
-1.549947
-1.548005
0.745477
0.282532
-2.884399
-0.828732
-0.563130
-0.723235
2.467504
-0.038481
-0.239392
0.794454
-0.017934
-1.445523
0.109287
-0.071348
2.140965
-0.369148
0.843494
0.629622
0.031706
0.733925
0.856809
0.048888
0.331862
-0.335819
1.027952
-0.326603
0.338137
-0.879013
-1.056880
-1.350832
-0.797582
1.144514
-1.894377
-1.690317
1.885570
0.741761
-0.276215
-1.185703
1.459937
-1.355602
-2.775583
-1.500249
0.550907
0.115704
0.535581
0.206509
2.060351
-1.855183
0.446220
-0.409054
-0.684829
0.446515
0.517619
-0.039572
0.440487
1.191391
-1.449275
0.685804
1.199516
-0.743306
-1.350539
-1.041554
0.075088
0.319728
-0.970177
-1.201681
0.685618
-1.167738
0.032752
-0.218730
-0.813187
-0.561993
-0.802638
-0.499768
-0.971674
-0.328525
1.484392
0.611941
-0.808783
-1.140844
-0.207516
0.680452
-1.001817
-2.018731
-0.271482
-1.663061
0.519033
-1.180557
1.032013
1.750061
-1.895112
0.622355
-1.760186
-0.085643
1.654022
1.335459
-0.688985
0.897872
-1.260926
-2.440967
1.050693
0.182517
1.402524
-0.248446
0.711599
-1.011275
-0.112084
0.341465
2.686041
-0.726428
1.080540
-0.968708
-0.435118
-2.367896
0.710807
-1.898436
-0.255222
-0.185271
1.288909
0.604212
1.105832
-0.466018
-0.241042
1.053794
-0.260953
0.018761
-1.194573
-0.457037
-0.510538
0.953666
1.876873
1.011732
-0.427604
0.794011
-1.781999
-0.695239
-0.080184
0.527860
-0.518204
1.683166
0.440138
0.525045
0.968885
-0.531710
-1.392498
-1.146130
0.011076
-1.093664
-0.445044
-2.446167
-0.955254
0.533201
1.081161
0.107173
-0.199730
-0.496206
1.091613
-0.011680
0.840381
0.048699
-0.352497
-0.582742
0.182821
-0.937186
0.546461
0.248788
1.359996
-1.920378
1.645851
0.868549
-0.369541
0.031188
0.095315
1.205742
1.200923
0.800499
1.480006
0.368828
-1.127275
0.473499
-1.862301
-0.206453
0.179966
0.406957
-0.050083
0.812294
0.286090
-0.391527
-0.327229
0.875864
-0.400605
2.014264
-1.436358
-1.266699
0.608146
-0.645072
0.143101
1.038862
-0.160201
0.576753
-0.227330
0.778000
-1.522172
-0.004792
-0.444146
-1.331837
-2.305925
-0.620710
0.426702
0.110504
1.162413
-0.228983
1.247848
0.120097
-1.204477
-1.508358
0.838579
0.318903
0.462871
-1.642201
-0.361604
0.870576
-0.520624
0.068637
0.553914
0.221556
-0.137630
0.176097
-0.391056
-0.438022
-2.000066
-0.312494
0.339314
0.320614
0.768055
-1.181745
0.481713
0.166062
1.329137
1.435389
-0.740815
1.525395
-0.876404
1.159861
-1.254721
-1.887903
-0.533271
0.367496
-0.010425
-0.590129
1.239845
-0.108102
-1.464022
-0.067540
1.336647
0.267554
-0.218381
-0.973258
-0.802221
0.214263
1.768122
-1.699920
-1.652519
-0.426802
-2.090935
-0.721935
0.500384
2.220974
-1.474830
-0.609647
-0.722480
0.510266
1.660416
0.518039
-0.219128
0.980748
0.865092
-0.314419
1.262499
0.455444
0.517927
-1.244402
-0.190130
0.090447
-0.415093
-0.815136
0.693243
1.687718
0.983833
-0.283851
1.233966
-0.729268
0.747820
-0.343008
0.024961
-1.519876
-0.153227
0.689265
-1.278783
0.523961
-0.002329
-1.080459
0.633551
-0.612394
-0.720745
-0.817171
0.871481
1.004066
1.584794
-0.154479
0.063955
1.031043
-0.514669
-0.836005
0.492852
0.534082
1.866517
-0.500169
0.794183
0.871966
1.750780
0.516300
-0.022431
1.683460
0.329141
-0.657201
0.958730
-1.752876
-0.365092
-1.186494
-0.192675
0.400221
-0.721648
-0.359212
1.905282
0.458918
-0.622563
-0.630035
-0.149519
1.352706
-0.040641
-0.119629
-0.619030
0.122491
-1.577957
0.874449
-0.092273
-0.350641
-1.063748
0.783845
1.051337
-0.844645
0.333445
-0.313108
-0.853039
0.346396
0.582130
0.257325
-2.748579
0.252705
-0.511970
1.274246
0.106903
-0.086970
0.034079
-1.541705
-0.424819
-0.776056
1.168629
0.942477
-0.912296
-0.710979
-0.040165
1.307384
-1.242393
1.900615
-0.941156
-0.501580
0.687214
-1.512396
-1.746708
0.990546
1.131226
1.186299
-2.579490
0.510834
-1.278509
-0.019175
-1.848017
-1.133646
1.186683
-0.412520
1.101027
-0.829458
-2.069621
-2.196268
1.191393
0.994063
-0.413323
0.319590
-0.639813
-1.293998
0.952723
-1.791103
-0.730996
-0.248028
0.186799
-1.620467
1.948964
-0.052632
-0.388910
-1.740770
-1.749002
0.010500
-0.071717
0.637778
-0.979331
-1.318335
-0.896806
0.079918
-1.121539
-0.953495
-1.163606
0.461723
-0.716895
-0.392934
0.110383
3.127095
-0.458027
0.963102
1.638635
-1.059158
0.226231
0.333218
1.018949
-0.180790
1.753435
-1.124574
-0.009529
-0.857372
0.595471
0.959945
-0.511147
0.219651
-0.277713
-0.737036
0.813120
-0.341361
2.095792
1.322877
-1.052797
0.660288
-1.176793
1.102878
-1.498176
-0.222629
0.965522
-0.527331
-0.209339
-0.053708
1.708651
-0.181813
-0.099600
-1.242832
0.512073
1.070080
0.997358
1.580466
0.057989
-0.338927
0.586163
2.947996
0.000587
0.578048
0.091561
1.222624
1.033591
-0.505289
0.841512
0.197287
0.501350
0.110990
-1.416334
1.594567
-0.126300
-1.081093
-3.047912
-0.934562
-1.795418
0.453940
0.201756
0.155457
-1.247576
0.226265
1.372522
-0.835048
0.738336
-1.056683
0.012423
0.323058
-1.885105
2.044913
0.722855
-0.363451
1.985135
0.793261
0.280782
-0.007754
0.399580
-2.076875
-0.852288
0.940987
-1.441771
-0.667778
0.648853
-0.966605
0.113099
0.761516
1.889311
-0.628183
1.765284
0.386271
0.047917
-1.418013
-0.590527
0.078999
-0.008607
-1.419699
-0.270982
0.932957
-0.590150
-0.454845
0.268478
1.396851
-0.853997
-1.352566
-1.548022
-0.268618
-0.472277
2.160966
-2.666846
0.640501
-0.088864
1.268193
0.903178
-0.384463
2.614063
1.026777
0.750928
-0.233607
-1.947194
-0.600719
-2.258792
1.191543
-0.376502
-1.059791
-0.515530
-1.288673
-2.074293
-1.872230
-0.909514
-0.824744
0.200822
-0.072470
1.659190
-0.174458
-2.065466
-0.842914
-0.436096
0.658861
-1.680999
-0.698407
-1.045992
0.869055
1.114303
1.305433
0.358001
0.247084
-0.396606
0.129761
-1.004446
-0.106237
-0.803721
1.703833
2.306717
-0.278833
-0.409293
0.083236
0.778505
0.975689
-0.891683
-0.751050
-1.401441
-0.010459
-0.977647
-0.242241
-0.170952
2.183361
1.232254
-0.923992
0.403789
1.036700
-0.356102
-0.250425
-0.472529
1.155357
0.448715
0.596343
1.209130
-0.624538
0.118497
-2.494067
1.334197
0.739398
1.077272
-0.051303
1.152490
-1.112327
-0.710118
-0.653609
-1.284356
-0.246772
0.774056
-0.209201
1.556464
0.762455
0.248751
0.073631
-0.819545
1.915759
-0.420540
-0.348474
0.244923
0.867214
-0.177658
-1.212124
0.980646
0.978388
0.177368
-0.432269
0.115422
-0.482950
0.809011
-0.183557
-0.074005
0.257337
-0.371835
-1.110182
0.971418
-0.589263
2.724395
-0.369467
1.359075
0.125129
1.424715
0.444013
-0.702937
-0.860140
-0.588119
1.378519
0.967043
0.218716
-0.218186
-1.939500
1.368387
-1.082792
-0.063631
0.392893
-0.897143
-0.889885
-0.564264
-0.489251
0.260034
0.912785
-1.083464
-1.606419
0.617546
-0.609972
0.974922
0.390026
-1.388213
1.376654
-0.030415
-1.355672
0.257653
0.599595
1.366026
0.720659
-0.474370
-0.373991
-2.318679
-0.154718
-0.539232
1.045834
-0.806064
-0.851752
-0.175154
-0.949227
-0.710021
-0.008167
0.408309
1.328882
-0.376902
0.318505
-2.507119
-1.587017
-0.225670
0.876119
1.125203
0.535466
-1.086366
0.862491
-1.489620
0.878225
-0.026155
-1.152289
1.272769
0.213841
2.190867
-1.559506
0.591619
0.398612
0.877532
-0.397382
0.414273
-1.555135
0.129284
-1.258400
-0.552535
-0.550155
-0.816348
-0.776434
0.866999
-0.228530
0.283475
0.823867
0.163561
0.034433
0.297640
0.093062
-1.545912
1.332030
0.426307
1.825238
0.718753
-1.707198
0.870453
0.530092
0.454704
-1.435831
-1.057442
1.066242
-0.078539
-0.521683
-0.545439
-1.910202
1.290949
0.984335
-0.457394
2.512417
-0.545405
-1.825265
-2.059208
-1.603977
-1.897233
-0.590245
0.047825
1.118981
0.185185
-0.088816
0.278298
0.963141
-0.440789
1.378757
0.749609
-1.502972
0.523146
-0.549990
0.021357
-1.067789
0.532336
2.627892
1.246307
0.224046
1.230573
0.307700
0.565749
-0.699105
-0.317650
0.082426
0.476072
0.437581
-0.573073
1.180276
1.436833
1.257765
0.833130
0.869734
0.436774
-0.914803
0.557837
-0.935291
1.226667
1.738585
-1.678754
0.314975
-1.166537
0.905775
-0.360584
-2.032465
-0.934429
0.549650
-0.155928
0.646785
0.700798
-0.214977
2.021287
-0.621942
-0.394282
-1.159430
0.451917
-0.305572
0.474595
-2.348466
0.231295
0.793232
-0.259325
1.002641
-0.539669
-2.489016
-0.349235
-0.323584
-0.529134
1.917975
-0.133647
-2.159244
0.234184
-0.069250
1.987462
-0.529866
1.289604
0.211686
0.343725
1.385068
0.221959
0.442068
0.154954
0.217104
1.274820
-1.051219
-1.155080
-0.898705
2.857497
-0.089225
-0.005828
-1.613881
0.917058
-0.409103
-0.352029
-0.132810
0.171386
-0.091147
0.525186
-1.213817
-0.127913
-0.332503
1.859623
0.350093
-0.422847
0.348991
-0.735145
0.843766
0.811765
0.897308
-0.566407
-0.363079
0.693866
-0.200020
-0.413996
-1.451892
1.085162
0.320271
-0.215213
1.168629
0.547229
-0.390529
-1.599760
1.049341
1.245861
0.160306
1.138197
0.219593
0.303950
0.127369
-0.487692
-0.112331
0.658639
-1.774216
-0.413657
1.621386
0.440382
1.697053
-1.705808
-1.406935
-0.007059
0.058391
1.371437
1.352521
-0.646490
0.616880
0.925629
0.835422
0.061103
1.269239
-0.761456
0.613025
2.058380
-0.779564
-0.581747
0.332119
0.054566
0.049131
-0.270175
0.395089
-0.966974
-0.126308
-0.014238
-1.116238
-0.770619
0.978570
2.505472
-0.202571
0.798619
0.442470
-1.613896
0.440365
-0.289925
1.152667
-0.786859
1.453989
1.312148
1.260119
-0.406857
1.125630
0.150662
1.293465
-0.298029
1.402741
0.115252
1.240034
-1.751877
-0.620350
-0.488843
-0.046351
-0.909234
-0.597758
1.977598
0.242620
0.152905
-0.928374
0.340128
-1.520863
-0.827402
-0.690505
-0.619650
-0.186223
-0.291906
-0.493379
-0.170718
-1.588136
0.845490
0.411201
-0.464805
0.786360
1.833899
-1.403643
-0.161362
0.148810
1.083697
-0.364362
1.310427
0.894482
-0.242285
-0.803096
-0.118129
-0.359440
0.470235
-0.495991
-0.669360
1.641724
1.755434
1.902435
0.411792
0.147163
0.033173
-1.180463
-0.929852
-0.475117
0.789572
-0.349690
0.461048
0.103105
-0.431887
0.965857
1.114187
0.027115
-0.701605
0.022410
-0.754021
-2.535952
-1.304702
-2.477213
0.913171
-0.915710
-1.032136
-2.170763
-0.381610
-0.267810
1.440226
-0.198805
0.297863
-2.013648
0.782733
-0.794814
0.288751
0.124133
0.913381
-0.237362
0.400179
-1.766966
0.485678
-0.759446
2.242368
0.700321
-0.117928
-0.658156
-1.116418
-1.167169
0.046532
0.434490
-1.749818
-1.224241
1.054183
2.248072
-0.894602
0.699611
-0.441338
-0.556437
0.627217
-0.312760
0.977605
-1.439859
1.620849
0.294570
-0.738240
0.915448
-0.214610
-1.001276
-0.897760
1.820787
-0.264518
-1.276156
0.319785
-2.069672
-0.277203
-1.533394
-2.486492
0.460318
0.286457
0.173222
-0.365646
-0.826045
-0.076347
1.583128
0.851346
-0.082916
-0.762040
-0.774329
1.469364
-0.555370
0.618954
-0.276906
-0.656615
-0.940495
1.805424
-0.283152
-1.370916
-1.352902
-0.474180
-0.077965
0.043687
-0.156880
1.042363
0.489803
-0.459598
0.822494
-0.638797
0.008188
-0.052948
0.087781
-1.542982
1.981336
-1.056771
1.657257
-0.685880
-1.735539
-0.372498
-0.999473
-0.975473
-0.891595
0.138958
-0.863016
3.570317
0.092565
1.523887
-1.012038
-1.699004
-1.353692
1.505259
1.490029
-2.680718
1.051603
1.333356
0.648597
-0.059010
1.078452
-0.337997
0.137039
0.579276
1.306446
0.018542
1.754262
1.510314
1.664510
-0.400160
-1.061678
0.177749
0.801437
-1.216029
-0.126709
-1.247313
0.749210
-0.959320
-1.991577
-1.726216
-1.053558
0.602092
-0.001973
1.112705
-0.304294
0.886488
-0.622128
-0.524371
-0.423882
0.260775
0.959218
-0.370101
0.893934
0.493309
2.157849
0.017670
-1.550079
-0.505518
-1.500925
-0.428235
0.285582
0.995261
-2.108005
-0.388005
-2.330753
0.356963
-0.724158
0.073028
-0.065341
1.160930
-0.154249
0.473124
0.352009
-0.210317
1.162409
0.178598
0.737868
-0.242778
1.530244
-0.101561
-0.770451
-1.782774
0.405487
-0.263785
-1.099057
-0.874100
0.502412
-0.276317
0.550649
0.227093
-2.104580
-0.508139
1.275029
-0.520089
-0.162111
-0.430435
1.760927
0.747201
0.460835
0.944627
0.691981
-0.002205
-0.298730
1.172865
1.347418
-0.472222
0.976825
0.205239
1.451808
0.879079
-0.911910
-0.150752
-1.089122
1.815084
-0.552565
0.617456
-1.230953
0.330350
-1.685355
1.568213
0.231031
2.772096
-2.728460
1.066403
0.963825
-0.610907
-0.061825
1.612416
-1.236838
-0.217402
0.605657
-0.057602
0.445075
0.109339
-0.552835
0.552567
1.309919
-1.797283
-1.976939
0.554787
1.308539
0.740501
-0.516148
-0.460419
0.149505
-0.122976
0.927521
0.693454
-1.690284
0.026397
0.806711
1.816258
-0.959274
-0.679378
0.420661
0.702552
0.575942
2.077319
-1.880101
-0.159059
0.876552
1.037686
-1.622641
0.429702
-1.041496
-0.445154
-0.713365
-0.774054
0.812921
0.338446
1.383668
0.664017
-0.702219
-0.095135
0.213916
1.145019
-1.105293
0.488402
-1.426644
-0.602853
0.227055
0.723972
2.370872
-0.441721
0.295403
-0.501763
0.116504
-0.464137
1.490486
0.810251
-0.006547
0.212802
1.440751
0.444104
-0.753634
-0.663856
-0.885168
0.026809
-1.159041
0.415260
-0.705194
0.576440
1.947512
0.205118
-1.785683
1.138757
0.853069
-0.805565
-0.352530
1.101170
-1.462348
1.520916
0.405433
-0.099849
0.492881
1.176594
-1.024485
-0.495487
-1.639057
-0.176958
0.082946
-0.698964
1.270904
-0.461682
0.797334
1.483853
-1.513687
1.383267
0.862000
-1.395855
-0.667797
-0.054686
0.958435
0.378281
0.331857
-0.489398
1.547706
-0.997358
1.758459
-0.363900
1.910808
0.644371
-0.421457
-0.166986
0.711490
-0.221442
-1.888525
-0.434174
0.429354
-0.084846
0.269892
-1.312673
0.208229
-0.885601
-0.639218
0.282542
0.137524
-0.737713
0.675334
0.146261
-0.866785
0.782293
-1.735360
0.029588
-0.266043
0.669212
2.127938
1.204086
-0.379001
-1.096746
-0.927590
-0.831585
-0.409537
2.169656
1.407950
1.679681
1.260113
-0.542060
0.846480
1.114040
-0.720312
0.313914
-0.025824
-2.204523
-0.266801
0.251822
0.167820
1.147905
-1.195074
-0.946409
-1.569698
-0.808951
-0.560553
1.620954
-0.663483
1.532867
0.955664
-0.094496
-1.363461
1.056742
-0.147595
-1.608431
0.170069
0.064728
-0.782733
-1.428714
-0.694502
1.789862
0.641072
0.063811
0.807332
-0.072548
-0.494915
-0.563332
-0.354070
-1.816144
-0.072664
0.738625
1.719762
2.164886
-0.012533
-0.709026
-0.367670
0.827857
-1.590506
-0.937064
0.107078
-0.004772
0.282376
-0.366875
-1.480775
0.255242
0.345962
0.056367
1.041993
1.073875
1.011588
0.107943
-0.056925
-0.832428
-0.468942
0.614758
-1.213599
0.313262
-0.158716
0.276449
0.623708
-1.739392
-0.194570
-0.270003
-0.065084
1.058250
0.677741
-0.851959
0.061889
-0.667665
-0.165465
0.814488
0.434509
-1.086339
-2.167238
0.768093
-0.033909
2.184059
-2.024849
0.123088
-1.318052
-0.307869
0.821829
0.735688
1.505538
-0.166216
0.010670
0.729409
1.415030
0.888701
2.060166
-0.910078
0.294994
1.207629
1.497703
1.280831
-0.597529
-1.159218
0.360634
-0.031520
0.076617
-0.765271
1.743844
0.268095
0.483142
-1.092865
-0.665839
0.692725
0.097203
1.867930
-0.423499
-0.990143
-1.057229
-0.483012
-0.784962
-0.457459
-1.375450
1.882558
0.029579
-1.269570
-1.164438
0.444213
0.709749
-0.309645
2.047224
0.540908
0.378449
0.561163
1.340782
-0.931580
0.027939
0.522829
1.325872
-1.054507
1.082599
-2.495558
0.091561
-0.582066
-1.021994
0.430992
-0.814057
0.677839
1.795241
1.753162
0.818858
0.276037
-0.159355
0.868892
-1.153501
0.112106
1.182662
0.535877
0.224174
-0.590155
-0.829077
1.814269
-0.571428
0.642190
-0.096991
-0.912543
2.088520
-1.200294
0.119084
0.726907
-1.647386
1.063331
-1.985552
-0.362555
-0.920884
0.924510
-1.177030
-2.182911
-0.457685
1.633158
-1.308717
-2.001020
0.608729
0.406513
-0.793180
-1.210748
0.542103
-0.563909
-0.297621
0.722972
0.270783
-0.685832
-1.472047
0.357543
-1.135484
0.013916
0.737670
1.217866
-1.737017
-0.477634
-0.593917
0.681344
-1.216013
-0.793395
1.127224
0.453939
-0.491230
0.366829
-0.301627
-0.457153
0.414448
0.613596
1.072789
-1.174228
-1.426486
-0.548784
0.384976
1.601233
-0.487405
0.231684
0.622154
0.388110
1.218472
1.362182
1.596284
-0.344323
-0.637198
-1.086748
3.512876
0.252008
1.141378
-1.823951
-0.956611
0.325483
0.234227
0.666582
-0.342127
1.292973
-1.660208
0.885534
0.091797
-0.403201
-0.944523
1.879819
0.627640
-0.709714
-0.384094
-2.403066
-1.683510
0.142872
-0.926173
1.640492
0.105517
1.811939
0.001345
-1.080230
0.115506
-0.557755
-0.598424
-0.397609
-0.096390
0.204993
-1.265170
-0.526088
0.481604
1.866756
-0.225271
0.988995
1.218706
-0.595589
-0.952967
0.458439
0.745625
-0.268195
0.035457
0.219495
-0.878404
-0.001003
-0.384417
-2.229882
-0.280257
-0.186330
0.806434
0.202186
0.424425
-0.348925
0.487188
-0.036902
0.861031
-1.050673
0.119077
0.294989
2.251147
1.529182
-0.354249
0.958854
0.081111
-0.772269
0.233422
-1.365252
0.418530
-1.083845
0.396674
-0.488183
0.400411
1.043312
0.799726
-0.094044
0.299235
0.511254
-0.696119
1.129228
-2.443162
0.582781
-0.592991
0.168005
0.568547
-1.895453
-1.059576
0.100516
0.973439
0.871154
-0.862107
0.643695
0.480015
0.200902
0.589550
-0.555408
-0.411742
-1.191670
-0.682090
-0.792993
-0.518737
0.031703
1.848135
-0.475973
-0.227914
0.574220
0.770855
-0.329005
0.793128
-0.068276
-1.264600
0.953258
-1.992361
-0.656252
0.694055
-1.706740
0.531165
1.438317
-0.379589
-1.224203
-1.102729
0.012624
0.586565
0.304951
-0.380311
-0.902019
0.803378
1.114368
-0.951311
0.497847
0.100203
-1.435228
0.055447
0.095740
1.139099
-1.547583
-0.317893
0.095153
0.502718
0.422164
0.603069
0.833815
0.031010
-0.286425
1.234727
1.515186
0.047024
0.825389
1.347120
-1.154959
0.954295
1.079968
0.669226
1.490652
0.505356
1.066643
-0.516217
-0.440091
-0.364986
-1.410793
-0.870755
2.104336
0.471918
-1.467798
-0.037623
1.486890
-0.993168
0.135289
-0.209838
-1.038435
-0.161012
2.481138
1.433229
0.319993
-1.409998
-0.327005
0.250093
0.343970
-0.205286
0.765432
0.124196
-0.708526
-0.224162
0.018334
1.135749
-0.079019
-1.214196
-1.071621
2.895157
0.616887
-0.186078
-1.702984
-0.549317
-0.436004
-0.537195
-0.734471
0.051705
0.942721
-0.087992
1.406805
-1.542161
2.497801
-1.255630
-0.685908
0.530421
-0.680638
-2.744449
-0.590836
-1.333620
-1.569538
0.817211
-0.217562
0.663670
-0.265232
0.397455
0.740492
0.826471
-1.138204
0.039880
-1.408650
-0.689839
0.415560
-2.265072
-0.665454
0.161092
0.818992
0.379134
-0.427082
-0.354234
-0.780429
0.984521
-1.873605
-1.796674
-0.305069
-1.195738
-0.403605
1.652463
-0.478258
0.146970
-0.308013
-1.939491
0.078131
0.394815
1.124549
0.721252
0.610838
0.949347
0.240650
-0.174861
0.213104
-1.185876
1.078821
-0.640291
0.223206
-0.683864
-0.040595
-0.493471
0.972318
0.028755
1.072981
1.031845
0.209745
0.768308
-0.406365
-0.347447
0.656007
-0.142905
1.166677
-1.599296
-1.456026
0.326143
-0.445383
1.218207
-0.008500
2.124647
-0.112178
0.168357
0.784695
0.234065
0.020516
2.861329
1.132014
-0.477208
1.274879
-0.608203
1.276082
-0.408776
-1.883533
-0.414916
1.401033
-0.612042
-1.190017
1.054524
-0.954251
0.768568
-1.350343
0.384162
0.797676
-1.075954
0.367490
-0.436749
-0.140114
0.654115
0.291578
-0.824422
0.236153
0.003153
0.261978
0.086345
0.437676
-1.655335
-0.539780
1.141236
-0.415975
-0.798988
-0.072722
-0.096943
-0.342741
-0.456969
-1.117641
-2.048301
-0.980747
-0.912787
-0.552781
1.498177
0.462158
-0.070372
-0.910678
-1.084704
-0.106331
0.792961
-2.136479
0.213403
-1.530217
-0.803987
-2.173862
0.494984
0.432767
0.703126
-0.448846
1.064041
-1.479310
-0.885080
-0.360543
-0.104218
0.032360
0.414350
0.580162
-0.090862
0.004705
1.760430
-0.941533
-0.244591
0.198797
-0.102257
1.371454
-0.488277
-0.492238
-0.943372
1.191609
0.267878
0.038521
1.256643
-0.114515
-1.245553
0.160352
-0.190261
-1.398070
0.164658
-0.252175
-0.794669
-0.194702
0.169349
1.154396
0.544946
0.976136
-0.344775
-0.468891
0.171884
2.048726
-1.115169
-0.847156
-0.127901
-0.437890
-0.380787
0.448813
0.485179
-0.311845
0.023799
-1.313453
0.189880
-0.314373
-0.667643
1.682960
1.600733
-0.906885
-1.270112
-1.344676
-0.692905
-1.437485
0.908507
2.329925
0.240045
-0.370448
1.534469
0.314749
-0.908201
-0.242348
0.190587
0.490109
0.427370
1.551251
-0.054843
0.452332
0.997075
0.263690
-2.076271
-1.629310
1.432152
1.422063
0.260472
-0.747607
-2.097519
-0.297509
-1.283004
0.453155
-1.185010
0.110215
0.326330
-0.393654
-0.731408
-0.631015
-0.493680
0.048787
-0.040341
-1.079701
0.384787
-0.885031
-1.030472
-1.758063
-1.654580
-0.547472
0.446089
0.781964
-0.493531
0.993379
-0.228680
1.381812
-0.184950
1.084794
0.616880
0.833717
0.168109
-0.022039
-0.447803
-0.004854
3.099814
-2.207048
-0.877662
0.563499
0.541656
-0.401786
1.395779
0.729552
0.808615
1.346429
-0.811329
0.347953
-0.462659
0.036930
0.504849
-0.559975
-0.317424
0.654105
0.137536
-1.252508
0.599739
-0.139765
-1.151927
0.282075
2.316838
0.980012
-1.324693
-0.794343
0.085561
-0.612752
1.177118
0.506397
1.802666
0.161780
0.721481
-0.264996
-1.120063
-1.063687
-0.080258
-2.164998
-0.131501
-0.212835
-0.475772
-0.682405
-0.359060
-1.228457
-0.614965
0.061394
-0.442386
0.855252
1.114962
-0.538742
-0.540922
0.538443
-2.443278
0.432807
-1.141528
0.314795
0.599544
0.437897
-0.559402
0.305389
-1.954219
1.535484
-1.635364
0.270711
-0.951745
-1.709397
0.603103
-0.363269
-1.180532
-1.329365
-0.481535
1.887950
-0.143479
0.599913
-0.611851
-1.431806
-0.017385
1.466732
-0.969835
-0.472581
0.548488
1.188002
1.017387
-1.742590
0.593109
-0.011057
0.283245
0.008739
-1.228324
0.706484
-0.401937
-0.395139
0.729153
0.228514
-1.452387
0.233210
-1.198324
-0.547347
-0.815137
0.479686
0.259342
1.516198
-0.003265
0.752814
-0.209775
1.112458
0.627018
0.308514
-0.650975
1.317160
-0.399276
-0.428662
-0.468728
-0.190865
-1.610854
0.863310
-1.420782
-0.480823
1.184990
1.840935
-0.089893
-0.007090
0.324392
-0.336863
1.158706
1.080811
0.931899
-0.200377
-0.354491
-0.853351
-0.217167
-0.551984
0.252913
0.631058
1.574686
-0.544779
0.004358
-0.370703
2.354443
0.915319
-0.101423
1.011217
-0.057663
-0.584945
0.564307
-0.736697
0.012622
-1.521650
0.065610
-1.587211
-0.604763
2.208620
0.762353
-1.515241
-1.423798
-0.169383
0.555606
-1.211441
2.009466
1.398684
-0.197828
1.413937
0.570909
-0.223825
-0.872233
0.792809
-1.526313
-1.614042
-0.417166
0.457549
0.123309
0.818141
-0.784654
-0.521222
-1.186003
-0.481820
-1.516834
1.066517
0.083666
0.091784
-0.221050
0.244506
-0.165199
-1.708665
-0.596163
-0.683835
-0.024734
0.253257
0.929161
-0.316330
0.596706
0.552135
1.401081
-1.014728
-1.391140
-0.818598
-1.131344
1.720330
0.311593
0.639776
-0.522274
0.197474
-0.385407
1.239101
-1.171313
-0.386269
-1.108380
0.685079
0.194819
-0.123182
-0.666270
-0.134809
0.424969
1.346031
-0.864038
0.881634
0.611469
0.282058
-2.154586
0.563730
0.084338
-1.224717
0.789436
-2.184425
0.186974
-1.456506
0.170434
0.297274
-1.047519
0.342642
0.298658
-0.387711
0.692226
-0.641573
0.479980
-0.237193
0.307063
-0.252348
0.664290
0.051263
0.432027
0.820245
0.335342
1.825433
0.624225
-2.555379
1.345671
0.051676
-0.809563
-0.735627
-1.336227
-0.367790
-0.755569
-0.252402
-0.180243
-1.223801
-0.617958
0.582540
0.447548
0.459955
0.090645
0.160075
0.567752
-1.699479
0.363902
0.735734
1.860847
-1.013159
0.678898
0.914395
-0.121418
-0.638172
-1.613738
0.114646
-0.531115
0.870390
0.504263
-1.184901
0.373622
-0.370318
-0.837649
-1.152955
-0.008119
-0.378122
-0.391258
0.795062
-1.697298
-1.359317
-0.964524
0.498605
0.132064
-0.950038
-0.724518
1.414808
0.004562
0.494555
-2.068044
-0.268117
-0.214565
-0.684070
0.352644
0.974040
-0.129561
-0.652349
-0.599688
0.883384
-1.073621
-0.095334
0.536806
-0.150673
-1.431253
0.304923
-0.139579
-0.466729
1.600714
-1.536775
-1.024396
-1.813423
0.957869
-0.339690
0.027603
-0.010099
1.332515
0.194985
-1.076371
-3.060847
0.080929
0.301292
-0.045064
0.356279
0.575560
0.129590
0.185624
0.327499
0.970400
0.106254
0.511695
0.423093
-1.568666
-1.347937
0.003559
-0.120372
-0.056400
-0.112657
-0.288045
0.975575
0.939366
1.259703
0.303476
0.175032
-0.109296
0.353228
0.801236
-1.210105
-1.135961
0.417311
0.828598
0.091121
-0.109272
0.300461
0.454248
-0.177034
-0.176414
0.708034
0.417626
0.946625
1.194227
-0.092552
-0.131228
-0.852514
0.818374
1.541452
0.562782
1.185938
-0.385781
-0.087658
-1.465896
0.955419
-0.351982
-0.655922
-0.284846
-0.226026
-0.714225
1.611070
0.353824
-0.481560
-0.117815
-0.762468
-0.348453
-1.583852
0.970850
-0.602730
0.401882
0.071608
2.100358
-0.032676
-0.831062
-0.718536
-0.570547
0.244009
-0.831219
-0.361561
0.038563
2.572543
-1.416058
0.660856
-0.077524
-0.193839
-0.077892
0.837075
-0.300845
-0.778266
-0.154614
-0.040869
1.542579
1.102667
-1.342050
0.883514
-2.184309
0.238416
0.109200
-1.640434
-0.986521
0.888389
-0.563751
-0.648887
-1.203093
-1.442228
0.494344
0.340196
-1.040953
-0.886218
0.508684
0.075923
-0.882778
-0.080969
-0.736302
-0.509597
-0.258313
-0.990099
0.492220
1.008668
-1.173075
0.794508
-0.096404
-0.777690
0.313407
-0.730822
-0.606889
0.840682
0.963173
-1.431974
-1.600691
1.535635
1.554106
-0.939108
1.719941
-1.311916
-0.054836
1.506204
0.101609
1.014530
-0.615601
1.369743
0.005507
0.997995
-0.533012
-1.855597
0.913870
1.780906
-0.337164
1.049473
-0.428015
0.409731
-0.899011
-0.540225
-1.576998
0.800404
-1.350224
0.310917
-0.399842
-0.260654
0.733606
1.861156
1.573553
0.093651
1.469710
-0.394576
-1.028431
-1.525725
-0.982615
-0.033786
-0.768974
0.160963
-0.237454
1.011508
0.410000
-0.905907
0.915899
-1.708477
-0.197263
-0.089932
-0.424511
-0.701499
0.581284
-0.032754
-0.075275
-1.433939
-0.618040
-1.687937
1.120664
1.217912
-0.035323
-1.237061
-0.384774
-1.118095
-0.183242
0.031039
-1.380782
1.049138
0.806303
-0.483739
0.302094
-0.864850
-1.040636
-2.123359
0.577991
-1.595923
0.397126
-1.263469
1.725981
-0.142971
-0.435564
1.070132
0.355228
-0.030937
0.957934
-0.559351
0.121132
1.363823
0.933949
-1.129034
-0.838532
0.945606
-1.659228
-0.865030
0.439522
0.631016
-1.540179
-0.497848
0.476345
0.353760
-2.206889
0.288184
-0.419912
0.702381
1.171885
0.965921
0.767393
-0.371220
1.168812
0.067376
1.592660
-0.724938
1.944262
0.154264
-0.728889
-0.030188
2.551015
-1.493237
0.449082
1.197798
-0.303769
0.309947
1.187271
0.158122
0.267355
-1.864578
0.109183
-0.246949
0.465604
-0.322359
-1.081242
-0.131526
0.222728
0.467989
-0.180503
-1.766597
0.017972
0.783548
-0.100267
1.402573
-0.327509
-1.932654
0.271811
0.217054
0.986890
-0.951211
-0.371556
0.406584
-0.428099
-0.408257
-0.985312
1.007684
0.795860
-0.280198
-0.072343
-0.640173
1.677038
1.276049
-1.721249
0.481403
-1.720928
0.562937
0.124736
-0.058955
-1.490886
-0.119983
-0.904394
0.555068
0.833305
-1.128029
0.016321
0.040452
1.204552
-0.722400
-1.370434
1.425522
-0.205479
-2.774957
1.479215
1.626169
1.655753
-1.508278
0.028083
1.616247
-0.315846
-0.823808
-0.073337
-1.488221
1.222306
-0.802567
0.633527
0.596939
1.583439
-0.705863
-0.511239
0.890565
2.061155
0.208071
-1.388503
-0.383007
2.313491
0.952666
0.556757
-0.149887
-2.996960
0.174559
0.198335
-0.453569
1.696385
0.571463
-0.381556
-1.128914
-0.603764
-0.955221
-0.198879
-1.538202
-1.049664
-0.389997
1.203039
0.651758
0.830553
-0.510666
0.450542
-0.333003
0.440705
-0.788097
0.022072
0.514967
1.343301
0.582602
-1.904966
-0.669212
-1.276521
1.692358
-1.075449
-2.386627
0.139108
-0.473570
1.459078
-1.470116
-0.427795
0.564957
-1.358127
0.222813
-0.818034
-1.638195
0.326792
-1.632219
0.361034
-0.223095
-0.616254
-0.452936
-0.678237
-0.157467
1.938552
-1.164580
1.023549
0.686014
-0.837814
-0.088223
1.165822
0.709583
-2.076519
-3.376723
0.082656
0.742008
-0.464296
-0.144660
-0.106589
1.741737
-0.956624
0.809373
0.196136
-0.305026
-0.828263
2.015933
1.146685
0.669115
-0.573867
-0.738956
-0.824970
0.119901
-0.337398
0.745036
-1.789928
-0.805973
0.148000
-0.582818
-0.287377
1.809559
1.870244
0.224618
-1.657793
0.843172
-2.082739
0.739199
-1.219181
1.389485
-0.673848
0.038918
0.529161
-0.023162
1.492366
0.718689
-0.275293
-0.013593
-0.901988
-0.186830
2.279608
2.502382
-3.096364
0.226378
2.098471
0.694485
0.359273
-1.146522
0.612899
-0.233367
-1.615795
0.452227
-1.588526
0.779793
1.094425
0.213969
0.141606
0.687871
0.925636
-0.478286
-1.041359
-1.014226
-0.179590
-1.856671
0.864959
-0.051073
-0.259303
1.406045
0.059847
1.953605
-0.982298
1.019334
-2.665626
-2.527284
-0.606650
1.206718
0.965615
-0.264224
-0.413118
-0.764175
-1.180362
0.051588
-0.542971
-0.867886
-0.185863
-0.384028
-0.713511
0.016734
-2.004827
-0.635297
-1.804747
0.415696
-0.245029
-0.859121
-0.384811
0.133815
0.994137
-1.115872
0.443254
0.896342
-0.541218
1.011137
0.274953
-1.204504
-0.186749
-0.050206
0.573945
-0.869143
-0.112181
-0.745397
-0.960252
0.258190
0.119193
0.917865
1.436637
0.537728
-0.664596
-0.436766
-0.126954
-1.708113
-1.736376
-2.045960
1.000438
-1.670231
-0.408456
1.143076
0.273776
0.470135
0.995985
0.056830
-0.908110
-1.284140
0.099668
0.416424
0.725937
-0.974581
-1.305237
-0.779748
-0.173182
0.915596
-2.866240
0.877272
1.739174
-1.638208
-0.245017
-2.404766
1.069383
-1.167693
0.705804
-0.110189
0.144383
-0.768580
0.831217
-0.049687
0.098698
-0.496468
-0.911264
-0.415064
0.331702
0.512210
0.564255
-0.808444
0.692111
-1.783776
0.068742
-1.587604
-1.186195
0.501055
0.748894
0.627059
-1.705735
1.672396
-0.083643
1.725880
-0.254865
0.521297
1.051932
0.722238
-1.234796
0.267385
1.256935
1.290165
0.018829
0.903630
1.150555
-1.250841
0.863322
1.467053
0.031914
1.591817
0.352783
1.259042
-1.044023
0.655306
0.786269
1.211083
1.030038
-0.796883
0.387901
-0.745241
-0.045348
-1.326806
-0.582820
-0.284111
1.066217
1.604001
-1.402286
-0.785850
0.438316
0.371222
-2.435902
-0.001935
0.591620
-0.187974
1.042637
0.383992
0.228079
-0.556169
-0.234485
-0.299970
0.193200
1.329976
0.008729
0.021330
0.782795
-0.706600
0.830913
0.276162
0.241239
0.096624
1.864543
-0.927643
-2.365346
-0.617423
-0.227131
1.094394
-1.830648
0.496492
1.946625
0.281490
-0.769307
-0.132337
-2.104573
0.378912
0.682078
1.270272
0.576992
0.702650
1.133958
0.429482
-1.636808
-1.413968
-0.275628
0.296327
0.275056
-0.988989
-0.038659
-0.462262
1.109862
-1.322429
0.000130
-1.180907
-0.218092
1.310429
2.182079
-0.395461
0.481913
-0.543621
-0.854144
-0.594570
0.574660
1.105541
1.051243
-0.445106
-1.291495
-2.398419
-1.173282
1.367167
-1.847565
0.446906
0.728729
-0.356106
1.082553
0.972516
0.536660
0.937490
-0.931509
1.432623
-0.316604
-0.178251
0.922651
0.263751
0.595313
0.233302
0.447630
-1.582046
-1.147026
-2.222489
0.246818
0.157951
0.110872
-1.657251
-0.211896
0.530848
2.872646
-0.315512
-0.209019
1.000127
0.688807
-0.688534
-0.680501
1.349056
0.451707
-1.476817
0.194170
-1.234427
-1.426780
0.142592
-0.373000
0.086210
-1.088192
-1.059210
1.103057
0.090830
0.811598
1.738682
-0.228747
-2.433375
1.247542
-0.177442
-1.312187
-0.956322
0.377415
0.406045
-2.034164
0.567854
0.144031
-1.169946
0.190903
-0.024970
0.694670
-1.017424
-1.657204
-0.510329
-0.853625
0.311673
0.234615
-0.806820
-0.309816
0.728720
0.566026
0.078079
0.114697
-0.687322
0.426807
-0.485789
1.584224
0.833133
0.166849
0.788241
1.616455
-1.551406
0.412888
0.834280
-0.616617
0.196962
0.478051
0.843133
0.490561
0.186243
1.506461
1.233953
0.112867
0.362210
-0.656962
-1.541200
0.260489
0.495893
0.296206
0.074860
0.773889
2.523937
-0.583598
-0.762183
0.998453
-0.087226
-1.602611
-1.891329
0.695261
0.284677
-1.752252
-0.761596
-1.028734
0.534751
-0.810193
-1.168993
0.041888
0.894363
0.546034
-0.934476
0.075444
0.095866
-0.693004
0.632538
0.939302
-0.149065
0.286893
-0.274715
-0.321242
-0.129714
1.795835
0.689745
-0.764266
-0.605888
-1.420679
0.261227
0.782090
0.325044
1.495518
2.218513
1.024054
0.397947
1.293619
0.661480
3.190678
-2.787835
-0.967529
0.116387
2.816446
-0.656185
0.303004
-0.113360
0.594436
0.887399
0.061496
-1.192335
-0.719355
-0.076913
-1.281344
-0.240560
-0.205495
-0.758547
-1.469950
-2.640418
-0.236310
1.194103
-0.897871
-0.144022
-0.917361
0.242387
-1.779070
-0.943626
0.184693
-2.057825
-1.205363
-0.018060
1.216648
0.170758
-0.011561
-0.225702
0.600771
0.317833
-0.265107
-0.878699
0.598733
1.708846
1.242113
0.152842
0.251988
-1.548784
0.016111
-0.674484
0.484984
0.940443
0.107313
-1.596994
-0.194443
0.204108
-0.232865
0.661721
0.530872
0.806842
-1.157670
-0.038782
0.790123
-0.531726
-0.022731
1.115167
0.591292
1.091464
-0.491680
0.174650
1.668736
-1.072158
-0.616434
0.062112
0.028173
0.896102
0.070439
1.520878
-1.100673
-0.166518
0.226282
1.774699
0.294730
-0.030106
-1.210054
0.640468
-0.243213
0.857523
-0.927028
-0.268043
0.388586
1.013948
-0.806058
-0.033330
1.928615
1.755447
1.029343
0.284709
0.852760
0.815501
0.503801
-0.559411
1.109003
-0.215761
-0.746796
1.356374
-0.049940
-0.357773
-1.190839
-1.074394
-0.477326
1.858844
1.808962
-0.449466
0.011069
-0.854697
-0.264004
-0.856196
-1.405501
1.468596
0.732714
-0.747348
-2.038811
-1.140987
-1.158835
0.342463
0.792695
1.242955
0.492135
0.014030
-1.386200
0.505317
-2.260365
-1.490179
-0.724958
-0.424218
-0.607107
0.726343
0.254648
-0.051741
-0.579521
0.077082
-0.611632
0.953612
1.045882
0.174591
-0.075190
0.066377
-1.596137
0.990466
-0.919989
-0.284615
-0.512341
-0.309991
0.704408
-0.153083
0.458418
1.036722
-1.448455
0.445143
-0.644550
0.159295
0.042535
-0.575213
-0.189020
-0.431750
-1.083883
-0.282608
1.190847
-1.680478
0.920139
0.106408
0.012330
-0.412121
1.132025
0.451561
-0.425278
0.532524
-0.014843
-0.039879
0.895573
0.412233
-0.838435
0.084315
-1.292748
-0.762218
1.005897
-0.757902
1.472781
-0.232058
0.841301
-0.138101
0.789792
0.236768
-0.371725
-1.469776
-0.211179
-2.939527
-0.759231
-0.439452
-0.431182
1.248081
0.697688
0.348345
0.240788
-2.419043
1.330436
-0.263492
-0.414525
-0.638181
1.183075
-0.335367
1.122444
0.310386
0.428077
-0.060642
-0.594570
0.269140
-0.399592
0.325577
0.775548
0.496540
-0.128275
-0.958788
-0.127775
2.003045
0.131457
-1.282150
-0.303199
1.174459
2.501908
-0.201057
-0.619553
0.129565
-0.462595
0.165306
-0.421610
-1.306652
0.145694
-0.109386
-1.718238
-0.232369
1.042192
-1.282307
0.269656
0.596905
0.934108
1.468087
0.549157
-0.318518
0.661899
0.828637
0.514061
-0.842256
-0.190329
0.146719
0.244461
0.234941
-1.559699
0.269938
-0.714953
0.740846
-0.043137
-2.674533
-0.253259
-1.130100
-0.629599
0.993113
0.668378
0.701276
0.423768
0.067127
0.626112
-1.396737
-0.978137
-0.806663
1.368979
-0.181032
-0.965546
0.068211
-1.066910
-0.209739
0.824542
-0.508813
-1.206372
-0.141506
-0.406584
-0.964600
-1.474481
-1.847778
0.398047
1.284534
-1.197386
0.361321
-0.360323
0.241802
0.536884
1.212291
1.491673
-0.356625
-1.018780
-1.566386
0.220603
-1.343319
1.035522
-0.006011
-0.134223
-1.149506
0.260837
0.176716
0.663606
0.575403
1.110707
-0.662493
1.090416
0.626475
-0.148241
0.510720
0.624626
1.319781
-0.103325
-1.114521
-0.460887
0.006199
0.260259
0.571428
-1.466271
-0.075143
-0.731436
-0.499410
0.499859
0.106902
-0.646954
0.440827
0.734832
-0.171100
0.600378
-1.596076
-0.266202
0.716235
-1.681394
-1.031682
-0.325726
0.938370
-1.142658
0.741104
-0.647860
-0.719903
-0.924222
2.415911
-2.215195
0.714634
0.633541
0.816005
-0.515249
1.424528
0.277110
1.400062
1.260585
-0.273493
0.470983
1.612148
1.378987
0.855288
0.696504
0.881171
0.724986
0.748484
1.780708
0.021778
-0.405376
0.483892
0.770717
-1.256776
-1.706641
-0.116686
0.086927
1.578260
1.180531
1.406390
-0.089509
2.953767
-0.397275
0.418598
0.777511
0.717678
0.031830
-0.625825
-0.294947
1.858215
-0.369457
0.241356
0.898638
0.590616
0.778592
-0.677653
0.451516
1.136057
0.058305
0.383288
-0.810555
-0.095036
1.789298
-0.510530
1.505556
-0.642958
-1.663291
1.056108
-0.499975
2.130226
-0.377710
-0.683593
1.402222
1.097016
-0.112022
1.891164
-0.968897
1.542028
-1.441514
-0.073027
1.690969
0.605742
-0.146978
-1.364349
-0.574753
-1.343249
-1.358158
0.300288
1.099504
0.260578
-0.256957
-0.279898
-1.653507
0.324571
-0.774026
-0.812866
-0.168278
-0.330235
1.291161
0.489664
0.026017
1.322824
-0.877781
0.681762
-1.701813
-1.866535
0.694871
-0.645063
1.045860
-0.000660
1.460629
-1.045031
-0.632297
3.168849
-0.175212
-0.493135
-1.353421
-0.144173
-1.393741
1.579019
0.612737
-0.046616
-1.010091
-1.054338
-0.300518
0.763137
-0.482785
0.109647
-0.487361
-0.056329
0.549153
0.047857
0.401234
-0.678403
0.251065
-1.079875
-0.833449
-0.375612
2.558184
2.286719
1.308147
-0.425601
-0.741608
0.708588
-1.072629
-0.970005
1.658320
-0.415578
-0.139566
0.391684
-1.559300
-0.230111
-1.215500
-0.996204
-0.097265
1.331757
0.671205
-1.845247
0.683515
-0.251258
0.506038
0.080989
0.406159
0.100597
-0.857582
0.753349
-2.423639
0.620767
-1.294046
1.549305
-0.893759
0.109021
-0.485177
-1.616012
-1.653077
-2.091688
-0.238648
2.298998
-1.001225
-0.019332
-1.174376
0.071458
1.499580
0.338095
1.026158
1.213430
1.638027
-1.679349
-0.051036
1.112590
0.007623
1.450986
0.860607
-0.208538
-0.708115
-0.034123
0.325016
-0.241074
1.459859
0.522442
0.379673
0.076275
0.086499
-0.715193
0.276895
-0.706984
0.970355
1.672841
0.542772
-0.207547
1.060684
1.753439
1.590136
-0.592415
-0.185560
0.044429
0.242839
0.224806
-1.286222
0.605271
0.840764
0.803840
0.384910
0.125671
-0.120096
-0.299653
1.178460
-1.090088
-0.832798
1.117961
-0.842339
-1.319314
-0.574656
0.073888
1.434421
0.894621
0.364766
-0.894716
-1.847495
-0.033436
0.231773
0.947152
0.498824
0.910187
-0.967039
1.847488
-0.515716
0.217801
-1.871024
1.357351
1.015608
-2.509196
0.318191
1.783634
-1.094235
-0.654411
-1.578862
-0.863920
-0.453501
2.976113
-0.398947
0.656534
-0.491057
0.489274
1.396604
-0.367217
0.591031
1.446958
1.169037
-0.557146
-0.542734
0.645727
0.866679
0.039922
0.096528
0.902697
0.046053
-1.546121
1.597364
0.229792
-1.213397
1.101769
0.258297
0.141052
-1.158161
-0.629197
0.816994
1.115210
-0.830976
-1.291107
-0.051962
-0.362931
-0.483121
2.161497
0.134748
-1.348877
-0.009436
-0.698059
-1.946631
0.668791
0.458643
-1.270285
0.722195
-0.884985
2.096053
-1.060865
0.446794
0.172744
0.506289
-1.071805
0.178086
-1.766970
0.232345
-1.156764
0.528966
0.656469
0.711817
-0.455193
0.595949
0.760015
-1.473784
-0.092244
0.284005
-0.380064
1.141574
0.631102
-0.107066
-1.074522
0.419655
0.231369
0.225968
-1.347844
-1.216845
0.238457
-1.188294
1.104385
0.011926
-0.635818
-0.508642
1.200287
-0.585746
-0.213824
-1.130373
0.153575
0.712313
1.427918
-0.468307
0.272933
0.762378
-0.414687
-0.334994
-1.158638
-1.389800
0.695405
0.740139
-0.064762
1.186478
-0.304817
0.300975
-0.896288
0.078278
-0.275630
-1.465008
-0.806752
0.303846
0.201027
-0.340335
1.538206
0.156955
-1.567598
2.387529
0.897360
1.385885
-0.749517
0.287527
1.030480
0.936005
-0.526215
-0.259715
-0.421256
0.000810
0.691701
-1.226476
0.294203
0.367685
-0.727692
0.422160
0.037521
0.841603
-0.307015
0.053416
-0.097725
-1.359031
1.298883
0.331761
-0.694787
1.476538
-0.004963
-0.818880
1.104143
0.928413
0.678966
-0.305374
0.206247
1.343716
-0.800176
0.181269
0.739052
0.711172
2.129087
-0.732396
0.094745
-0.852338
1.035866
0.526323
0.984612
-0.134711
0.225463
-0.276388
-0.942708
0.322090
0.865884
-0.677410
-1.764996
-0.504483
-1.938577
0.955269
1.178497
-0.737452
0.888241
1.080609
1.272672
3.400728
-0.799788
-0.594303
0.303614
0.337478
0.040212
-0.706747
-0.299582
0.784824
1.047556
-0.642359
-1.268854
1.134312
-0.996699
-1.058012
0.860085
0.787182
-0.084943
0.206158
-0.788597
0.085285
0.948577
-0.128991
1.279956
-1.892105
0.397351
0.324849
1.733112
0.907500
-0.974147
0.688241
0.703571
-1.362389
-0.484802
-0.058989
0.765930
0.984669
1.468562
-0.106803
-1.072781
-0.368180
0.346680
0.178364
-0.514160
-0.682923
1.139516
0.540766
-0.615201
0.786198
0.748863
0.147318
0.973585
-0.463187
-1.798730
2.098540
0.840180
-0.432506
0.868720
-0.047356
-1.498372
-0.463106
-1.174245
-1.488036
0.837524
0.705312
-0.976245
-0.331211
1.771804
-1.527956
-0.975984
-0.018631
-2.182498
-1.182146
0.603779
1.174008
1.869277
0.418508
0.947206
0.256618
0.477434
0.753422
-0.049533
0.297193
-1.814077
0.712288
-0.082820
0.168381
0.259288
-0.530233
0.251165
0.051153
0.377906
-0.649004
1.216570
-0.932507
-1.498378
-0.096515
1.827505
-1.883536
-1.263247
2.212513
1.586330
-0.514345
-1.836978
-0.304117
-0.366079
-0.352960
-1.603664
1.426704
0.091494
-0.025119
1.255764
1.967374
-0.729570
1.638626
0.737626
1.201563
1.487854
-1.494098
0.691598
0.244444
0.443834
-2.667242
0.743334
-1.074686
0.396581
-0.564967
-0.000207
1.046981
1.558722
-0.826920
-0.027944
0.965209
-0.310238
-0.176130
-0.464106
-1.240197
0.220185
0.002357
1.296761
0.829380
0.544352
-1.347623
-0.914613
0.468613
0.356107
-0.378102
-0.268296
2.008831
-1.029599
-0.361839
-0.352882
0.125673
1.010749
-0.665239
0.731975
-1.440560
-1.181428
-0.394221
-0.892467
0.324851
0.382458
-0.562796
-2.156245
0.062608
-1.020491
0.067339
-1.337000
1.609065
1.402732
-0.527680
0.077171
0.058448
-0.727775
1.436974
-1.067397
-0.419941
0.621975
0.374773
1.347250
0.008417
-1.699034
-0.256065
-0.253743
1.718878
-0.347090
0.926356
-0.661093
-2.137483
-1.740862
1.236188
-0.161598
0.129334
0.097400
-1.273606
-0.588432
1.434452
1.173845
-1.691762
-0.434566
0.117123
-0.417599
0.342796
-2.157739
0.705926
-0.195188
0.563353
1.585696
0.484746
0.666649
1.187954
1.150451
-0.335151
-0.305502
0.117223
0.065466
0.929460
-0.447792
-0.179576
0.239396
0.951780
-0.903126
-0.312827
0.454407
0.400422
-0.019189
-0.626717
-1.303249
-2.695092
0.294862
-0.755909
-0.015639
-0.813119
-1.492157
0.311489
-0.935737
-1.362197
-0.698909
0.234983
0.162432
0.415451
1.210553
-0.032319
1.088551
0.969351
0.415865
0.845120
-0.423306
-0.231104
-0.497106
0.082050
-0.835674
0.596889
-0.869637
-2.737977
0.053285
-0.098439
-1.540040
1.873536
-2.211938
-0.072126
-1.152976
0.779895
0.904276
1.056227
-0.136795
-0.281241
0.571415
0.067721
0.059211
-0.027029
-0.621565
1.119488
1.805819
-1.148079
0.652399
1.182274
-0.045109
-0.080461
-0.438688
1.283578
-0.511436
0.416329
0.271606
-0.770150
-0.127743
-1.354796
0.854365
-0.831350
-0.451973
-0.662093
1.465032
-1.727431
0.422250
-0.199653
-0.030264
-1.378061
-1.185979
-1.385234
-0.402366
1.190991
-1.062006
-0.216519
-1.453224
-0.778833
-0.747093
-0.352946
-1.175729
0.681302
1.765930
1.092818
0.583822
0.525005
0.528483
1.161640
0.121545
-0.378630
0.233348
-0.419265
1.140742
-0.177707
0.871568
0.082674
1.759824
0.692878
1.363811
2.482467
-1.495771
0.929165
-1.023372
-0.714150
0.979673
0.958702
1.043534
-0.952200
1.339855
0.623190
-1.629494
-0.310713
-0.517042
0.954227
0.647580
-1.282957
-0.866461
1.617470
-0.748542
1.511302
-1.361687
0.427292
-0.286873
0.664315
2.330822
-0.290085
-1.243462
-0.417246
1.334684
1.473566
-0.019600
-0.293884
-0.003116
-0.342978
0.271998
-0.666206
0.260014
-1.057101
0.142248
1.412842
-0.119886
1.196334
-0.189982
0.355211
-0.362725
-0.918884
0.169101
-1.694652
0.445685
2.168695
-0.906723
-0.124904
0.170272
-1.695895
2.399874
0.872257
-0.476021
-1.147771
-0.571194
0.501145
-1.866034
0.478065
-1.862791
1.290393
0.278222
0.715957
-1.499613
0.603470
1.067230
-1.503843
0.162069
-0.692452
-0.419899
1.330354
0.067770
0.382607
0.545581
0.408072
1.366775
-0.789069
0.764409
-1.101240
-0.260897
0.183349
-1.649875
-0.569067
-0.678378
-1.410934
-1.960427
1.272404
0.135903
1.075932
1.020025
-0.146269
-0.095451
-0.085048
-2.554795
-1.830925
0.258817
-0.977130
0.886317
0.335160
-0.389276
0.081214
0.027078
-1.914401
1.065258
0.350266
-0.700327
-0.006679
0.529274
0.045227
0.519741
-0.305215
0.529833
-0.761284
-0.909229
-1.071825
-0.422840
0.464997
0.594260
0.692555
0.680492
-1.757242
-0.114113
-1.076202
-0.504122
0.328206
-1.325690
-0.167313
-0.198526
1.003871
0.325266
-0.628231
0.257968
-2.199466
-0.300127
0.613051
0.276278
-2.578427
0.594035
0.604695
0.271695
-0.988447
0.561521
-1.231760
-1.105770
-0.619792
-0.253783
-0.423323
-0.442475
-1.121427
1.069468
-0.232062
1.013510
-2.159121
0.012471
-0.402017
1.814096
0.429094
0.577621
0.612685
1.473046
-0.211737
1.489389
0.789189
0.146828
-0.058260
0.830339
1.211604
0.963867
0.430831
0.423948
-0.727976
1.548255
-0.641778
0.302325
-0.539073
-2.619439
0.502832
-1.596003
0.548060
0.319771
-1.712996
0.243759
1.317818
-0.784025
-1.049346
-1.755076
-0.512841
0.195125
1.086023
-0.756957
0.192099
-0.034774
-0.029892
-1.226107
-0.405820
-0.093680
-0.216987
-0.326631
0.874258
-0.152036
0.227477
0.909258
-0.632873
0.015985
1.633670
-1.538058
0.188171
1.033733
0.206477
-0.021604
0.979165
0.921676
-0.921863
-1.136330
0.196964
-0.826597
-0.100178
-2.422930
1.122117
0.943601
0.513249
-0.858568
0.534717
0.503043
1.378215
-0.438969
0.374959
1.675656
-0.152898
1.262028
-0.936563
-0.550171
-0.900518
-0.251338
-1.452036
-1.392893
-1.444962
1.904719
0.808874
0.086219
2.083485
-1.038843
1.505816
-0.409891
-1.221423
0.428863
2.345128
0.388750
0.682206
-1.697773
0.314865
1.125927
1.306397
-2.474181
-1.962834
-0.698605
-0.696926
-1.155978
-0.589247
0.729330
-1.240521
1.389783
0.427430
-0.212068
0.946326
-0.920545
-0.259664
0.534282
0.752653
0.208522
-0.739437
-2.300256
1.851525
0.557257
0.022106
1.143590
0.386449
-0.044206
-2.686666
1.677072
3.210069
-1.399126
0.850785
-1.019515
0.851715
0.853158
-0.417105
0.028672
-1.702544
-1.113353
0.292543
0.416514
-0.982462
-2.008627
1.108040
-0.548524
-0.112118
-0.215368
1.210960
-0.614438
-0.618547
-0.733998
0.181638
0.870960
-1.614180
-0.636779
-1.175330
1.201077
0.565232
-0.233147
-2.374090
1.149746
-2.437520
1.303445
-0.746296
-0.807638
-0.111611
0.096956
0.635275
-0.050500
-1.296036
-0.961445
0.761970
-0.018165
0.932392
-0.349051
1.266371
0.557944
0.118880
1.120350
-0.951357
1.219230
-0.521903
0.477824
-0.330552
-0.383925
-2.287511
0.846927
1.504419
-0.213008
2.189178
-0.761216
-0.059974
0.325887
0.402329
0.327762
-0.351604
0.433740
0.398104
0.079741
-0.608429
-0.789549
-0.694737
-2.258720
-0.680458
1.270866
-0.502567
-0.132638
1.031502
-0.778489
0.114645
-0.995302
1.043533
-0.691781
2.245551
-0.892122
1.706580
-0.870189
1.531209
-1.603222
-0.798325
0.783125
0.979926
0.744947
0.586995
1.787079
0.990205
0.480874
-0.543062
-1.422163
-0.076833
1.040314
-0.479974
-1.308470
-1.101163
0.538782
0.297289
-0.430485
-0.114689
-0.352844
-2.038380
-0.688946
-1.528383
-0.961278
-0.999236
-0.469734
1.948140
0.508395
0.460908
-0.762791
0.766418
-1.357929
-0.917330
-1.654165
-2.349232
-2.748103
-0.320476
0.855428
-0.449178
0.778777
-0.945399
0.640217
0.954479
0.160513
1.059116
1.355731
1.315568
0.076614
0.345266
2.127797
0.045095
0.869415
-0.075236
0.932397
-0.326053
2.159716
0.443637
-0.261488
-0.974558
-0.755551
1.024720
1.266829
1.246892
-0.371660
-0.514082
0.759724
0.478835
-0.537200
-0.183250
0.987480
0.511068
0.156853
0.246193
-0.176930
-0.056109
2.347014
0.105744
-0.557976
-0.442886
1.019044
0.434256
0.625977
-0.101781
1.492323
0.191413
0.051569
0.578311
0.866452
-0.530343
-2.518959
0.813813
1.002961
-0.633296
1.647775
-0.685092
0.321107
0.028562
0.377456
0.716654
-0.258376
-0.897849
-0.397024
-1.207822
0.690775
0.349994
-0.251042
-1.814191
-2.300572
0.217806
0.883992
1.468435
0.464660
-0.588703
-0.625880
0.646359
-1.250816
0.964501
0.212184
0.385639
-0.159692
-1.444006
-0.555292
1.009945
-0.098309
0.509407
0.950918
-1.837065
-0.248493
-0.307854
0.916961
0.091088
1.040479
0.947844
1.427468
0.598807
0.136393
0.800850
-0.308049
-0.142917
-0.392477
-0.959919
0.609750
1.663511
-1.541131
-0.453917
0.591981
1.118551
1.430547
-0.100353
1.054215
0.139153
0.426328
-0.347907
1.220006
-0.040106
-1.001826
-0.258354
-1.336820
0.788464
0.332526
-1.645799
-0.726689
-0.081111
-1.854261
1.118612
-2.851886
-1.217961
-2.118478
0.688402
0.319996
-1.144396
-1.451053
-0.629074
1.872076
0.183789
0.123330
-0.743164
0.190960
0.520923
-1.630991
1.168480
-0.943046
0.023497
-0.039471
1.436676
1.230504
-1.276736
-0.864004
0.779863
-0.003436
0.791128
1.274994
-0.945652
0.657257
-0.672740
-1.437888
-0.287233
0.077995
0.679925
-0.721665
1.074417
1.174957
0.889226
0.765466
-1.655272
-2.808864
0.779379
-0.013910
1.339591
-0.354065
1.677333
-1.253649
0.305638
-0.334323
0.202709
0.411740
0.230907
-1.050282
0.840448
-0.137887
-2.213617
0.694910
-0.848015
1.892972
0.246277
-1.748418
0.166255
-0.366232
0.719068
-0.406945
-1.167360
0.601204
0.273919
1.132026
-0.383509
0.597647
-0.001983
1.948381
0.254974
0.393856
1.606147
-0.251392
-1.445184
-2.309633
0.256397
-0.687856
0.597805
-1.860949
0.355904
-0.162806
-0.745610
-1.102390
-0.305061
0.765649
-1.208623
0.707014
0.818031
0.010545
2.161136
-0.264101
0.933422
0.225706
0.526937
0.233516
-0.138921
1.473861
1.040146
-1.455742
0.017385
-0.020000
0.084873
1.493920
0.563929
-0.592786
-0.362711
0.830702
-1.560224
0.719883
-0.252089
-1.489162
0.799763
-0.620729
0.617909
-0.660283
-1.043318
-0.148289
1.013439
0.024777
0.606576
-0.501086
-0.317074
-1.273509
1.260829
0.227280
0.765167
-0.386538
-1.250649
-1.165414
1.047532
-1.406413
2.383538
1.903890
-1.493230
2.999254
0.039630
1.000612
1.499177
-1.379859
-0.493448
0.940983
0.197387
-0.883136
1.212942
-1.523467
1.351835
1.346724
0.154041
-0.586574
0.023811
0.309764
-0.726325
0.052010
-0.744543
-0.446963
0.007222
-2.412859
-0.205429
-1.024545
-0.585196
0.653710
1.324897
0.630149
-0.558287
-1.387180
-0.870941
0.064369
1.394647
-0.908910
1.352857
-0.859688
0.304801
-0.648580
0.869783
-0.325147
0.338711
-0.160545
-0.020001
-2.412858
-0.104228
2.078061
-0.366490
0.725572
-0.445269
1.363865
-1.427530
-0.305275
0.574438
0.453160
-1.717231
-0.081881
0.884258
0.659027
0.825166
-0.132751
0.923652
-0.408064
-1.535733
0.608393
0.224112
-0.261182
-0.109091
1.836829
1.122307
-1.616925
0.183576
-1.299928
1.408641
-0.709139
-0.234981
0.864587
1.425644
1.358202
-0.030461
-0.775920
-0.750169
-0.472532
-1.102539
3.104591
0.560543
-1.136246
0.084519
0.546721
-0.459688
0.183674
0.084305
-2.192419
-1.234975
-0.395898
-0.489748
0.765243
-0.681949
-0.052346
1.004644
0.807080
0.434550
-0.601637
-0.165188
-0.418818
-0.771290
-0.002450
0.552021
-0.683221
-0.598864
0.240923
-1.518175
-1.534330
-0.233750
0.360670
1.003115
-1.499260
-0.717173
-0.092932
-0.297979
0.427231
-0.647229
1.860673
0.511371
1.339805
0.466745
0.027781
0.873414
-1.038805
0.371835
-0.332784
0.691601
0.504023
1.817686
0.485744
-0.685509
-0.733789
-2.387799
-0.372852
0.126134
-0.596515
-0.141735
-1.470154
1.265312
0.279633
0.379168
-2.558974
1.108666
-0.083808
2.053573
0.939252
0.341105
0.329170
-1.377534
0.789415
-0.397659
1.269970
-0.499832
-0.145469
0.054318
-1.304000
-0.306880
0.294478
0.406743
-0.230968
-0.492467
-0.531132
-0.488014
-0.894107
1.161503
-0.789985
-0.080035
-1.479432
-0.368461
0.357660
-1.806394
-1.769441
0.082603
-0.185249
-0.521284
0.805411
-0.665066
-1.573984
0.654952
0.322729
-0.277481
-1.820748
0.796047
0.287179
-2.243663
1.453757
0.552207
-0.554775
-0.530897
-0.627230
0.430260
-1.271801
1.013393
0.050351
1.389023
0.577809
-0.165053
-1.738434
0.681917
1.883952
0.256744
2.167214
-2.339706
-0.733597
-0.657090
0.499679
0.715792
0.144515
1.141586
-0.701284
-0.028354
-1.314945
0.721336
-0.547119
-2.338796
0.283451
-0.483003
1.408945
0.690455
0.433372
0.358944
-0.339454
-0.499232
-1.685018
1.235622
-0.724573
-1.185506
-0.014679
2.466586
-0.798300
0.495476
-0.201908
0.544976
1.533637
1.438768
-1.231226
-0.350928
0.301063
0.881131
-0.499291
-1.206903
1.555527
0.158737
0.292265
-0.827398
0.300761
0.074333
0.105322
0.655640
1.786704
-0.535248
0.360854
-0.594582
1.327400
-1.216853
-1.284072
0.840648
-0.201734
0.359500
-1.707665
-0.815321
1.677048
0.341687
0.837487
0.166585
-0.386825
0.010276
-0.120989
0.092007
0.210819
1.136655
-1.799071
-0.110500
0.742674
1.161006
-0.211021
0.599189
0.298747
1.149386
1.619729
0.111462
-0.659494
-0.224630
-0.710798
0.758887
0.970144
-0.525491
0.013278
0.981572
-0.114150
-0.440084
0.076760
-0.422419
-1.325448
0.782155
-0.153603
0.616545
-0.026804
-0.474589
0.008239
-0.145085
0.604174
-1.200481
0.252898
0.393244
0.385836
-0.356928
1.458737
0.647037
-0.306001
-0.764202
0.875526
0.150004
-0.832885
2.205408
1.756205
1.140865
1.311669
-2.044066
1.337776
1.488245
1.550632
2.589685
1.368856
-1.171373
-0.490737
2.374594
-2.483474
-1.210856
-0.814498
0.784778
-0.535904
0.723397
-0.126851
1.555386
1.275232
-1.445418
1.880418
1.218809
0.992194
0.247714
0.099226
-1.147236
1.315724
0.446583
-0.469226
1.114307
0.162008
0.634661
-1.545507
0.862824
-0.053137
-1.890392
2.339517
0.115195
-0.038562
-1.351678
-0.044964
1.211135
1.237809
0.292720
1.115510
-1.697919
0.295282
1.404988
-1.441997
-0.666560
0.201895
1.105410
0.819124
-1.258876
0.626567
0.026116
-0.762216
0.181506
0.922623
-0.480710
0.322373
-0.694992
0.461246
-0.255953
0.959027
-0.725441
-0.724311
-0.163824
-1.073991
-0.210169
-0.449058
0.062545
1.574282
-2.215786
-0.469311
-0.366534
-0.728795
-0.014291
-0.146513
1.060972
-0.879773
-0.893545
0.592368
1.085131
-1.291434
-1.228378
-0.220639
1.214201
-0.317273
1.536442
-1.316693
-1.387737
1.691922
0.036918
-0.768282
-0.497167
-0.537668
1.273634
0.185473
-0.261348
1.582458
1.243970
0.465727
-0.476376
-0.286131
-0.493845
-0.376136
-0.716229
0.346612
0.418895
0.951604
-0.141176
0.292688
0.156907
0.786714
-0.656614
0.850326
-0.032260
0.886120
-0.496421
-0.548329
0.394806
-0.043661
-1.032138
-0.754280
0.287810
-0.184955
0.373345
0.282286
-0.405662
0.425610
0.269952
-0.469412
-1.273957
-1.530616
0.190370
0.774460
-0.177085
1.642292
1.265502
-0.496130
-2.109276
1.408532
0.235533
-1.546623
-0.477969
0.542215
-0.336258
0.066403
0.483938
0.132967
1.850469
-0.670492
-0.273964
-1.726196
0.376855
-0.198554
0.172788
0.113413
-1.675189
-0.324593
-0.167967
-1.145030
-1.030264
0.169859
0.385765
-1.419172
-0.271565
-0.759318
1.216694
-0.499277
-0.180198
0.273358
-0.281650
-0.109512
-0.262843
0.839469
-0.914354
0.675692
-0.251714
1.754869
0.217179
-0.469807
-1.339350
0.546217
-0.773076
0.181206
-1.227589
0.264582
0.548961
-1.261586
-0.000171
-1.778074
0.543758
0.210831
1.038816
-0.507210
-1.971983
0.286676
-0.653288
0.136424
0.045236
-0.116393
0.027363
0.501935
-1.102604
-0.297659
0.264159
0.029548
-0.852843
0.567931
0.324476
-0.193037
-0.132763
0.798730
-0.646512
-0.493341
-1.365622
-0.395182
-0.670933
0.434250
-0.881468
-1.344637
0.600266
0.602050
1.324452
1.473124
0.498459
-0.274593
-0.242432
-0.035550
-0.943567
-0.416279
-0.214135
-1.085154
-0.999438
0.923809
-0.933787
-0.118691
0.834094
-0.806542
-1.103651
1.312477
1.847972
-1.940065
-1.483521
-0.737841
-0.776411
0.578561
-1.502048
-0.860337
0.479823
0.125156
-1.146722
0.939859
0.523574
-1.110136
-0.553596
2.719206
-0.408483
0.168282
0.677214
0.498445
-0.484017
1.063318
0.330087
-1.331782
-0.720996
-0.449559
-0.328033
-0.229454
-0.210602
-0.257983
1.494101
1.713858
-0.176753
-1.220653
-0.641392
0.747398
-0.199243
-0.168020
-0.123319
0.902743
0.091244
-0.252216
-0.277490
-0.071214
0.744405
-1.748038
-1.264187
-0.518877
0.259964
-0.224533
-1.247496
1.334677
-0.407630
1.091850
0.370443
0.705563
0.254011
-0.805343
-1.296195
-0.176539
1.903185
0.181455
0.446304
-0.028339
-0.661193
-0.385337
1.223658
-0.187297
0.877985
0.112847
-0.195294
-0.255413
1.728448
0.540948
-0.137040
1.899492
-0.546459
-1.347742
0.262518
-1.464631
0.344282
-0.628621
-0.503379
-0.207209
-1.844123
0.435210
1.111828
-0.622297
0.124680
0.751895
-0.680158
1.600954
0.924551
0.633236
-1.271928
-0.177468
0.240240
-0.404864
1.691163
0.052913
1.412552
-1.332259
-1.182905
0.198246
1.012473
-2.735199
-0.632627
-0.298203
0.316533
0.839374
-0.293513
0.865149
0.035421
0.401624
0.850609
0.479498
-0.416296
-0.354730
0.728703
-0.298937
1.483503
-3.252089
-1.546992
-0.287596
0.302241
0.968439
1.351019
0.274095
0.520050
1.542354
-0.994402
-1.345016
-1.380030
-0.299515
1.085435
-0.133766
0.205188
-2.215368
-0.488635
-1.325098
0.587329
0.219208
-0.005682
0.092746
-1.292385
1.024881
1.437651
0.805585
-0.505089
1.070346
-0.461978
0.452015
0.655377
-0.294631
-0.688405
-1.104862
1.830716
2.301202
1.915078
-0.322014
-0.714666
0.439277
-0.553979
-0.151030
0.428685
-0.752600
-0.427177
0.642253
1.306204
0.259959
-1.140187
-0.607834
-1.857142
-0.291366
-0.933157
-0.045988
1.651852
0.397567
-2.105521
-1.323137
-1.552830
-0.839823
1.463512
-0.714148
-1.622619
0.169509
0.585104
-0.265385
0.383850
-2.443300
-0.308461
-0.636366
0.000794
2.001560
-0.616327
1.059884
-0.111990
0.421353
-0.423386
-2.068850
0.323307
1.815784
1.740211
-1.552936
-0.646736
0.810925
-2.182031
-0.013948
-1.007622
0.573704
0.351392
-0.031267
-0.057803
0.144710
-0.763827
1.140048
-0.587257
-0.765006
1.538257
-0.530176
0.270924
-0.244043
0.429634
0.184117
0.459720
0.238574
0.992207
-1.760820
0.363276
0.004127
-0.008746
2.117523
-1.866970
1.229844
-0.429113
0.938899
-0.100649
0.409866
0.226818
0.032203
-0.263843
-1.279235
-0.426921
0.103038
-0.156474
-1.409362
-0.130668
1.863552
-0.137753
0.101030
-1.014638
-0.611443
-0.087043
0.870230
-0.035761
0.299905
-1.560159
0.727644
4.155836
-1.261849
0.617373
1.967405
2.315954
-0.023674
-0.486085
-1.961133
0.267059
0.446355
-0.074422
-0.717159
-1.303779
-0.157045
0.779227
0.567382
0.402095
0.531607
0.187670
-0.309638
0.099723
0.727452
-0.707361
0.346546
1.220039
-0.692480
-0.074408
0.344740
0.663594
0.380365
-0.258533
0.328128
-0.499467
0.968086
-0.690687
1.244014
-0.950161
-1.636651
-0.181698
0.077225
-1.400234
0.079246
0.958130
0.529510
0.572241
0.267975
2.345760
-1.173368
-1.168256
0.585949
-0.148163
-0.670456
-0.092754
0.864027
-0.967398
-1.693004
-0.556699
0.671635
-0.460050
0.838637
-0.376439
0.595943
-0.542029
-0.520104
-0.394212
-0.944241
0.483898
0.093688
0.621135
0.012956
1.375791
0.413945
-1.110975
0.113593
0.060513
0.533747
-1.158389
0.258378
0.003777
0.953465
1.035022
-0.802380
0.678869
0.960930
-1.084130
0.875013
1.493453
-0.722395
0.080372
1.762862
0.642233
0.861405
-0.732982
-0.592591
1.278090
0.546423
1.943131
0.343820
0.065818
1.341069
-1.857361
-0.726893
-0.963832
1.135097
0.245744
1.526829
-0.484060
-0.411506
-0.208550
-0.089151
1.965855
1.902274
-0.869572
0.923098
-0.159910
1.480196
0.198329
-0.948746
1.446295
-1.614070
-0.831577
1.257014
-0.035482
-0.968524
0.624744
0.341264
-0.231669
0.165650
-1.457222
-2.274338
-2.477123
-0.895429
0.288005
-0.655433
0.944831
0.627943
-0.578577
1.506029
1.392201
-1.674635
-0.522204
-1.037004
0.589688
0.491559
-0.314305
2.266155
-0.719962
-0.832995
-0.189304
-1.347076
-1.356219
0.281968
0.902267
-0.208514
0.501931
-1.243045
0.165763
-0.340895
-0.375337
0.115841
0.183569
-1.365108
2.079521
0.096040
1.045449
1.262101
-1.467321
0.747173
-1.095985
0.010533
-1.628395
0.299612
-1.246061
-0.829513
1.191197
-1.777230
1.191156
0.470265
-0.216158
1.526474
-0.398080
1.493819
-1.146919
-0.287329
0.389056
0.647477
-0.182759
1.077563
-0.297279
-1.432261
-0.079056
0.555323
2.292323
0.337825
2.539850
0.226054
-0.092457
-1.013124
-1.154483
0.131948
-0.383928
1.025785
1.376084
-0.063253
-0.426326
-1.271174
-0.066909
-1.397676
0.664802
0.233712
-1.319480
-1.626532
0.467032
-1.193491
-0.448268
-0.538528
0.580885
-0.136192
0.377090
-0.271643
0.646399
-0.154504
-0.492477
-0.364686
0.867308
-0.418365
-0.635031
-0.661940
1.712499
-1.660160
-0.159591
1.873842
0.298355
-0.224060
-0.668430
-1.115330
0.891632
0.501673
2.363972
-0.058268
0.943389
0.023098
0.394085
0.503731
-1.093861
0.487108
1.414829
1.299501
-0.751005
0.234173
2.422644
0.825646
0.640657
-0.287163
-1.766745
0.842403
-0.626114
-0.509101
1.732045
1.497764
0.790176
-0.843346
-0.058464
-0.076035
-0.309256
-0.549661
0.970629
-0.016612
-0.822358
0.802174
-0.288515
0.945357
-0.625158
-0.295531
-0.364198
1.212237
-0.444945
-1.597761
-0.726931
-1.253352
-1.404894
-1.611540
1.115165
-0.937170
1.634438
-0.001938
1.106123
-0.431221
1.734705
-1.226139
0.739921
-0.407244
0.774659
-0.544135
-0.239815
1.383902
-0.850833
-1.231580
-0.961066
-1.048399
0.006788
-0.723425
-0.517583
-0.407710
-1.134573
1.046682
1.196053
-2.211469
0.596273
-0.444487
-1.454487
-0.507774
0.634043
-1.414112
0.864786
-0.168464
0.797728
0.919839
-1.214693
-0.782311
-0.134670
0.805661
0.610800
-1.053175
0.619399
-0.875165
-0.291346
-0.523572
0.903842
-0.865656
2.862558
1.708947
1.488672
-0.078607
-1.133508
-0.673555
-0.779143
0.600938
0.704746
-0.141558
-0.944955
-1.882510
-0.547945
2.670329
0.353223
1.152740
-1.561787
-1.391359
0.858303
-0.605930
-0.933163
1.269533
-0.372553
0.597573
0.407089
-1.447291
1.568106
-0.769948
1.890038
-0.266206
0.702821
0.596163
1.323028
-1.118253
1.058110
1.145811
-1.714961
-1.264092
1.020409
0.748189
0.216911
1.874155
1.111297
-1.850279
-2.165078
-0.389689
0.627945
-0.611693
0.219495
-0.534179
0.097883
0.508900
-0.276522
1.173621
1.642250
-0.298222
0.050939
0.154392
-0.814279
-0.039109
0.004145
0.261489
-1.159104
-0.124439
0.110486
0.132334
-1.033259
0.954467
-0.039607
0.958833
-0.284723
-0.811477
0.089788
-1.063645
-1.413610
2.691713
-0.673737
-0.668522
0.613245
0.876480
-1.548614
-0.153952
-1.899769
1.414932
0.238509
-0.053748
-1.113319
-0.748376
0.093206
1.753470
-0.003503
-0.578183
-0.285404
0.906162
-3.213179
-0.185212
-1.014136
0.426326
1.119372
0.259236
0.785045
0.298915
0.257533
-0.763061
-0.896682
-0.872782
-0.239730
-1.123730
0.008619
0.193504
-0.815811
1.410442
-1.348912
-0.421579
0.430811
-0.216293
1.051343
1.274155
-1.719951
0.538728
-1.484006
0.326968
0.008059
-0.959860
-0.066245
0.419674
-0.510999
-0.486053
-1.066179
0.327313
-0.407888
0.290330
-0.858832
1.205197
0.314829
0.189809
1.316711
0.520932
0.125707
0.977794
0.163155
0.410947
1.074978
1.313303
-0.157811
1.408958
-1.864152
-0.750855
0.571829
0.615642
0.228524
2.149556
1.428073
-0.226231
1.791808
0.016084
-0.050212
-1.291347
-1.721544
-0.753561
-0.363320
1.727996
1.059011
-0.245270
-1.290268
-0.916923
1.194004
1.566123
-0.339210
0.205338
-0.063854
0.727635
0.940239
-0.154616
-0.827324
0.877030
-0.219140
0.972184
0.212108
0.089538
0.111777
-0.153226
1.047751
-0.530629
-0.370733
0.635389
-1.412338
0.303510
-0.451277
-1.187655
0.115278
0.420927
0.416720
1.343157
0.351288
-0.327919
-0.355090
-0.204243
0.923490
-0.101387
-0.344230
0.667809
0.784289
-1.687130
-0.749479
0.723307
0.553672
0.211607
-0.390014
0.063711
-1.524788
-0.805508
0.605840
1.656357
0.672938
0.311796
-1.306017
-0.728721
0.763830
1.059112
0.171301
0.818013
-2.019383
-0.245457
-0.694348
0.088129
0.947662
-0.313288
-1.288408
-1.077330
-0.126592
-0.323387
-0.605456
1.449751
1.400615
-1.902275
0.552578
-1.256011
-0.904376
0.261627
2.612447
-0.255933
-0.508340
-0.696212
0.308210
-0.279960
-0.793609
-0.000389
1.396895
-0.671494
-0.476985
-1.368632
-1.526908
0.334109
0.790373
-0.844741
0.929301
-1.427249
1.163860
1.334535
-0.246465
-0.896143
0.517314
-0.292156
0.420400
-0.839618
1.111729
-0.766032
0.304923
1.785066
-0.553390
0.284171
2.508790
0.093881
0.467921
0.391478
-0.906866
-0.096116
0.355474
-0.910701
-0.770005
0.743487
-1.558850
-1.197745
1.133224
-0.839577
-0.483145
0.224230
0.443576
1.307329
-0.687862
0.389512
0.769182
-0.055398
0.640353
-0.651188
1.096731
-1.891771
0.612969
0.502912
0.564598
-0.524492
-1.342176
-1.049562
-1.239455
0.337576
0.824507
0.557928
-1.105286
0.531377
0.336404
-0.458086
0.181541
-1.002474
0.293838
0.605878
-0.330058
0.364477
0.283883
-0.070597
1.186422
1.267638
-1.387343
-0.154105
0.501954
-0.898108
-1.207334
-2.227552
0.185613
1.960247
0.657519
1.499097
0.168850
2.086370
-0.019840
2.007923
0.548642
-1.477597
-0.179101
0.744454
-0.966696
0.978157
-0.410585
-0.716865
0.360509
1.680992
-0.805200
-0.097927
-0.777902
-0.173397
-0.598858
0.561201
-0.129031
-0.055014
-0.927658
-0.448449
0.703148
1.017898
-0.548857
-0.220622
2.167622
0.749815
-2.162508
0.353839
-0.284384
-1.135787
0.341887
0.418210
-0.138984
1.254226
-0.656802
0.833495
-1.197118
-0.915665
-0.333436
0.995207
0.348345
-0.299523
-1.333521
0.966062
1.235373
0.574770
0.298156
-0.714295
0.436784
-1.490072
-0.432712
0.265444
-0.835318
1.110671
0.310034
-0.378222
-0.643203
-3.017144
0.864223
1.496268
-1.899401
-0.046774
-1.512668
0.015672
0.568235
0.537464
1.284422
0.303369
0.523336
-1.816478
-0.233277
-1.403292
1.557390
0.980081
-0.615010
0.933498
-0.509960
1.421073
0.710557
0.766469
1.178079
1.464637
0.194693
0.997913
0.199533
1.083003
1.292744
-0.221631
-1.197821
1.529819
0.270299
-0.618863
-0.307887
0.022305
0.719991
-0.808879
0.191067
-0.305921
-0.456960
1.475048
-1.533251
-0.215089
-0.645103
0.904829
1.336287
-0.743695
1.429520
2.362493
0.182516
-0.878112
0.300297
-0.050919
-1.843437
-0.061918
0.046818
0.024819
0.965432
-0.784036
1.373440
-1.343244
-0.383456
-1.257197
-0.856894
-1.738975
0.586241
-0.087392
0.000237
0.616478
-1.786871
0.033974
0.131502
0.705328
-1.622276
0.062839
1.187469
0.714407
0.278086
-1.377236
-1.135772
-0.468941
0.331576
-0.800704
0.406213
-1.564016
1.881444
-0.351282
0.530898
-1.017428
0.310512
0.184898
-0.845599
2.527970
0.206169
0.384777
-0.951462
-0.330756
-0.089927
0.744400
1.307236
2.509372
0.661681
0.992023
0.062626
0.640095
-0.848479
-0.702032
0.550187
0.133938
1.041410
1.486952
-0.174329
-0.207013
-0.425352
-0.635153
0.957904
-1.035261
1.317470
0.659981
-0.328407
0.150729
0.092177
-1.999851
0.975004
0.606269
-0.724770
-0.979802
0.232303
-0.765820
1.234728
-1.076669
0.901551
-0.065208
-0.213450
-0.461466
1.009409
0.531276
0.027137
-0.316712
-1.329951
2.471071
-0.864968
1.056911
0.362221
-0.560664
-2.187519
0.514378
-0.970135
-0.590155
0.138450
0.873356
0.353933
-0.476595
-0.131255
0.676255
0.764232
0.465170
0.954518
0.464607
-0.274334
-0.511029
2.484811
0.742092
-0.632432
-1.176725
-1.170388
-0.219634
-1.809320
1.087600
0.339292
1.025455
-1.331687
-1.114659
-0.888347
0.066548
0.100108
-0.790003
0.040856
2.079697
1.226231
1.482127
2.027491
-0.386951
-1.750230
1.786409
2.195760
-0.481150
2.061046
0.660493
1.532054
0.428356
0.199058
-3.049825
-0.219649
0.369692
0.283650
-1.303908
-0.176772
2.233236
-0.996814
-0.142629
0.772546
0.108829
1.028735
0.238049
1.117809
-0.990015
-1.073675
-0.234013
1.201297
0.516651
-0.161470
-0.787875
-0.594350
1.348620
-1.411708
-0.984956
-1.061242
0.284587
-1.343951
-0.677577
-0.344586
1.825878
-0.052522
-1.045317
-1.573247
-0.585676
-0.773047
-0.892728
1.374663
0.603442
0.824794
-2.129796
0.895868
2.100592
-0.246467
1.516733
0.201558
-1.509675
0.166291
0.498213
0.178924
-0.154648
1.922440
1.733621
-0.117336
-0.238139
0.347994
-0.347145
-0.105124
-0.350448
-0.876216
1.492287
0.030506
-0.122256
-0.418957
0.331988
-0.071151
0.302746
0.253648
0.613242
0.578190
-0.794198
-0.765736
-0.575687
1.217838
2.289883
-0.134492
0.666355
0.660437
-0.350484
-0.628095
0.041803
0.812857
0.550425
1.037769
0.515677
1.299012
-0.103321
0.819923
-0.372052
-0.161738
0.559651
-0.606944
-0.172297
0.312377
-1.097870
-2.539544
1.449688
-0.460198
-0.027779
1.944611
0.115709
-1.851185
0.450874
-0.636348
-0.092981
-1.302729
-0.207585
1.106220
0.522712
0.043709
-1.057236
-1.002790
0.293246
1.109995
0.683444
-0.074076
-1.030736
-0.066775
-1.434142
0.992014
0.940970
-0.026297
-0.412396
-2.564556
1.393358
0.745249
0.146850
0.348341
-2.463827
-0.623283
0.083173
0.247917
0.743765
-0.340779
-0.662215
1.015140
-0.799708
-1.479516
0.823376
0.338230
-0.783490
0.919350
0.717700
-0.980649
-0.172609
0.943467
1.003413
-1.039170
1.445149
0.319455
1.165156
-1.319260
0.317562
0.354455
-1.333433
0.174790
-1.399590
0.371596
-0.394971
2.005956
1.606175
-0.650522
-1.384926
1.788228
-0.702964
0.929430
-1.322335
-1.459427
0.649699
2.011644
0.361906
-1.324470
0.195814
-0.468485
-0.999735
-1.204927
0.048466
-2.285132
-1.642896
-0.980414
2.201032
-0.317744
0.282439
0.159191
-0.814859
0.797298
-1.255632
0.330864
0.560147
-1.218115
-0.131418
1.499207
0.157810
0.654932
0.487324
-1.369105
-0.700014
0.224187
-1.576786
-0.131441
-1.185028
-0.259506
-0.874912
1.274355
1.109135
-0.436490
-2.330675
-0.472354
-0.125435
0.959712
0.039561
-0.158066
0.823122
-0.141746
0.947215
-0.508539
0.573992
0.144617
0.594308
-0.059623
-0.121417
-0.264805
-1.545460
0.172850
0.810013
0.743892
-0.095858
0.047179
-0.088764
-0.815299
1.166811
-1.828475
-0.702348
-0.746595
-1.416352
0.866778
-0.627860
1.704781
0.129468
-0.532707
-2.558699
0.023180
0.388196
0.262390
-1.284354
-1.605538
2.041917
0.260362
0.786279
-0.840604
0.412904
1.608198
-1.835055
-0.231633
0.359819
1.251959
-0.426737
-0.734514
-2.794844
-0.677943
0.819795
-0.957318
-0.100158
0.723192
-1.495842
0.623609
0.667171
0.043866
1.925295
1.056424
-0.544790
-0.661742
-0.719614
0.222020
0.293640
-0.890565
2.006618
0.425734
1.899443
0.803528
-1.062390
-1.957757
-0.210407
0.847584
1.412821
0.193754
-1.377917
0.643341
0.179391
-0.517739
-0.044487
-0.506134
-0.294649
0.588187
-1.484283
0.857346
-0.974128
1.602530
-1.083164
-0.609643
-1.079476
-0.210853
1.197300
-1.538181
0.246963
-0.014128
-0.423825
-0.913491
-1.027825
2.183293
-1.224653
-0.358939
-0.551134
-2.058701
-0.566467
-1.419131
-2.162812
0.514473
-0.830830
0.559846
0.472244
1.096096
-1.177661
0.097430
-1.256046
-0.694250
1.307293
-0.047647
0.964002
-0.280006
-0.997188
1.469034
0.716682
-0.327787
0.750851
0.757759
-0.147749
-0.183957
0.833582
0.203349
-0.158887
-0.831085
-0.026085
1.659080
1.308406
0.944433
-0.611606
-0.708659
1.113890
0.250485
-0.526900
-0.728650
0.771552
-0.750176
-1.101714
0.936868
-0.389049
-0.760693
-0.990198
-0.275943
-2.400369
-1.950993
1.890544
-0.069879
0.896756
-1.028095
1.078439
-1.457907
-1.419172
0.947213
-0.718910
-0.238002
-0.159981
-1.828033
1.999494
-0.205838
1.571664
0.755558
1.353496
0.090345
1.190179
-0.784218
0.822146
-1.262214
-1.673742
-1.021391
-0.802781
0.114633
0.877891
-0.303041
1.595031
-1.643016
-0.297289
0.287287
-1.028703
0.618945
-0.840808
-0.000194
-1.283046
-0.281199
0.716020
-0.445373
1.221855
-1.185904
0.764021
0.647437
-1.556086
0.879286
0.477554
-2.605680
1.643498
-0.417592
1.620480
0.741999
0.820189
-0.364985
-1.468462
-3.080051
-0.579492
-0.546375
-0.244564
0.333922
-1.440754
1.361876
-0.246091
1.235440
-2.151966
-3.438739
-0.673444
-0.343540
-0.368124
0.866489
0.111850
-0.264465
-0.380404
-1.184803
1.844239
-0.767733
0.614792
-1.009402
-0.794293
-1.492001
1.425988
-0.576285
0.802248
-1.944014
-1.462339
-0.681089
0.326413
0.517463
2.843560
-0.956839
-0.700334
0.137956
0.676012
0.939598
-0.663708
-1.187403
-1.321900
0.231604
-1.328140
-0.283670
0.106752
0.526040
-1.254641
-0.859110
1.416178
-0.475678
-0.691582
1.348125
1.114483
1.577020
0.176273
-0.120420
0.221473
1.059173
-1.261259
-1.120957
0.791277
-1.006458
1.076693
1.088417
1.247287
0.119372
-0.472187
0.214454
-0.153262
-1.291708
-0.240560
0.545747
1.805300
-2.181094
0.441469
0.827518
0.269218
1.125188
1.391110
-0.413875
-0.528541
0.794739
-0.013580
-0.395941
0.412357
0.351579
-0.122569
-0.164876
0.508542
0.140259
0.214962
-0.799752
-1.333787
-0.525452
0.120336
0.406715
1.040565
-0.322344
1.340539
0.186884
-1.882162
-2.019996
-0.840790
-1.176343
-0.733745
1.233777
0.021342
1.775225
0.715210
0.625691
-2.277342
-0.118455
0.297825
-0.060586
-0.705897
-1.318608
1.285113
1.004626
0.783542
-0.122668
0.789033
-1.159120
-0.148114
-2.089132
0.841596
-0.986233
0.394957
-2.082724
-0.749279
0.272176
-1.040440
-0.967548
1.108886
0.228164
-0.150115
1.089208
1.243278
0.904035
0.367315
0.824420
-0.335157
-0.302635
-0.622263
-0.157199
1.055641
-0.777863
0.936212
1.545969
-0.335207
-0.951302
-0.116557
0.043025
2.711630
-0.251961
0.619191
1.155721
1.037913
0.506482
-1.989279
-0.702339
-0.630223
2.364375
0.734882
0.578588
-2.189884
-0.636835
0.036466
-0.030042
0.170420
1.833840
1.577297
-1.096327
0.252457
-0.869621
-0.052767
-2.153374
0.861800
-1.143412
-1.097001
-0.578651
1.081894
-1.534358
0.757826
1.405806
0.670523
-1.017238
1.286524
-1.367804
-1.196071
0.796773
0.434940
-0.580592
-0.546405
-0.684678
0.418362
-0.666251
1.293818
0.193161
-0.265820
0.009292
1.235629
1.156062
-0.676017
2.022566
0.038658
0.188795
0.179552
-1.565595
0.893496
-2.848965
1.293604
0.692038
0.908397
0.247692
0.670978
-1.311965
0.114618
2.256393
0.904499
-1.977895
0.932551
1.242372
-0.489642
-0.079063
-0.240763
1.412031
0.283098
-0.638962
-1.820170
-1.182573
0.610791
-0.580092
0.136958
0.759951
-0.252346
0.255271
0.521312
-1.061404
-1.515150
1.538971
0.644035
-1.609735
1.247232
-0.380844
1.568801
-0.993928
-1.352793
-1.577123
0.747887
0.038214
0.440218
1.529980
1.064610
0.458321
-1.735796
1.442856
0.383619
1.196946
-0.744935
2.191757
0.093658
0.674378
0.267452
-3.120953
-0.534922
-0.692573
-2.866378
-0.966957
0.171895
-0.381292
-0.489357
-0.191496
-0.084612
-1.135601
-1.456898
0.788160
0.157365
1.035184
0.175012
-0.098919
-0.152141
1.431009
0.914064
1.203433
0.456927
-0.888816
-0.912016
-0.154674
0.535861
-0.234199
0.509165
-0.197177
0.251049
-0.364512
0.156583
1.077728
-1.550419
0.303662
0.945061
0.122665
-1.265070
-1.789073
-0.229036
-0.442186
-0.710977
-0.171600
-0.852909
0.709128
1.423017
0.642362
-0.497908
-0.087533
0.513232
0.140153
-2.682986
0.342602
0.181333
1.176203
-1.668979
-0.650006
-1.949482
0.796773
-1.186704
1.918015
-0.299146
-0.235070
0.543178
2.020278
-0.910831
-0.721160
0.092635
-0.568405
-1.671357
1.073170
-0.304245
-0.530161
-0.367483
-0.114536
-0.955031
-1.403762
2.068174
0.606214
0.158995
1.044831
-0.339362
-0.315948
-0.260291
0.585609
-0.374277
-0.449419
0.689944
0.705679
0.311952
-0.763212
-0.069969
-1.024750
-0.441648
-0.537997
2.425535
0.606844
0.624117
1.129396
-0.139754
-0.186086
-1.855424
0.795481
1.143068
-0.026313
-2.441637
1.376849
2.274686
0.425864
-0.053633
0.109988
-0.754872
0.769589
1.634586
0.649771
0.259505
0.269771
-1.075861
-1.069903
-0.424225
0.908169
-0.060251
-0.864709
-0.493263
-0.326173
-0.514984
-2.347218
0.304671
1.997964
0.514466
1.864966
1.488079
-1.136599
-1.353289
-0.480612
0.012872
1.138647
-0.981300
0.198082
-0.210084
0.517214
-0.145468
-0.800997
-0.156783
0.643821
-2.412015
-0.637936
-0.378604
0.741225
-1.077911
-1.274658
1.023694
0.415204
-0.047772
1.607861
-0.721922
-0.566038
-0.434296
-0.953425
0.597916
0.676173
1.294299
0.747829
-1.689731
-0.494121
0.947972
-0.386187
-0.684084
-0.790236
1.040667
0.309785
-0.469765
1.642981
-0.394428
-0.547888
0.574054
-0.424319
0.535974
-1.184012
-0.665612
-0.745508
0.299981
0.319434
-0.508972
-0.288348
-0.335751
0.139985
-0.216333
1.616362
0.002073
1.320124
-2.451493
-0.914460
0.906941
-0.132147
-1.365704
-0.812883
-0.758025
-1.412286
-0.249706
-0.410091
0.463313
-0.271676
-0.411619
-0.989877
0.893492
-0.096865
0.905537
-0.155412
0.411850
0.559689
-0.522096
1.333340
0.157938
1.289351
2.109892
-0.399340
-1.001521
0.034089
-0.198018
0.205176
1.760087
-1.469241
1.117155
0.200969
0.467555
0.682807
1.670084
0.441489
-1.410818
-1.514123
-0.980902
-0.579528
0.952384
0.908207
0.820520
0.069682
0.611530
-1.653793
-0.050676
-1.944893
-1.774405
-0.277021
-0.228705
-0.575855
0.643652
-0.782339
-0.747441
-0.784758
-1.564669
0.257012
1.273523
-0.359425
0.845339
1.663342
-2.163483
0.492613
0.795603
0.156991
0.411374
1.404859
0.879306
0.576403
-1.327869
0.562054
0.838870
1.039530
-1.109702
-0.842042
-0.499560
-2.214327
1.072284
0.029340
-0.279393
-0.320953
0.480604
0.744802
-1.687518
0.820381
-0.413469
-0.915222
-0.321219
-0.769438
-1.395601
0.911581
0.036747
-2.415091
0.306407
0.545846
1.874543
-2.725146
0.126119
2.454414
-1.338373
0.311545
0.729328
1.001381
1.531446
-1.576367
-0.475817
0.671580
-1.068980
1.624577
0.253591
-0.639802
-0.770344
-0.413101
-0.579739
0.741380
-1.205086
0.117729
0.896835
1.564909
0.532834
-0.342619
-0.123127
-0.077838
-0.337823
-0.591166
0.369117
-0.790396
1.764479
-0.213902
-0.357456
0.148071
-0.342156
0.582432
-0.776323
1.061936
-0.764681
0.435528
0.111013
0.593558
-0.628383
-0.281498
0.174094
0.459756
-0.924404
0.560430
-1.367560
1.593913
0.961764
1.777957
-0.165469
0.900166
0.417160
-1.454671
1.314591
-1.445574
-0.719968
0.446952
0.711299
0.332396
0.749822
0.866932
-2.938020
0.663101
-1.209458
0.495645
-0.627384
1.068652
1.527164
0.412221
1.193809
0.306575
1.138470
-0.177347
0.698229
-0.392307
-1.058443
-0.113546
0.963143
2.462893
-1.478125
0.872110
0.583980
-0.885509
1.129957
0.554903
-0.822045
0.367160
0.358269
-0.064362
1.162532
0.387869
-0.699909
1.363966
-0.012045
-0.503544
-0.030810
-1.538970
0.543356
0.984938
-0.598365
0.511962
0.667393
1.132105
-0.963461
0.281330
0.601151
0.795456
1.874101
-0.263413
0.819000
-0.774858
0.373379
-1.188088
0.774491
1.165747
0.917555
-0.130429
-0.474895
0.671744
-1.101671
-0.388766
-0.391594
-0.678834
1.335171
-1.008516
-1.616423
-1.212561
-0.899748
2.409304
-0.356983
1.100266
-1.032349
-0.446298
-0.346990
-0.678380
-1.672835
0.921177
0.293342
0.197134
1.369901
-0.992253
-0.912286
-0.543119
-1.400680
-0.347042
-0.010940
-0.693427
1.491947
-0.671370
0.471596
1.388641
0.650404
1.997633
0.305544
1.211271
0.252758
-0.384263
0.547877
0.696761
-0.947058
-0.329536
3.476720
0.453470
1.134990
1.341749
0.637530
0.495028
-1.721049
-0.249538
0.729944
-0.379199
1.451742
-0.518315
-0.095074
-0.104722
-0.504937
-0.427924
1.168671
-0.978031
-0.497213
1.011177
-0.384895
0.609974
-0.876400
0.734717
0.668623
-0.819140
-0.859211
0.133713
0.596271
-1.482419
0.819459
-0.927080
-0.814664
-1.860762
-0.033798
-0.833268
-0.555433
-0.065414
-0.302459
-0.594892
-0.069253
0.813893
-0.770059
0.893402
